object={
	name="rock_lava_generator_1_0"
	render_pass=Map
	clamp_to_water_level=no
	generated_content=yes
	layer="tree_high_layer"
	pdxmesh="hardened_lava_rock_01_mesh"
	count=95
	transform="5052.175293 0.000000 1494.996460 0.000000 0.026143 0.000000 0.999658 1.000000 1.000000 1.000000
5117.462891 0.000000 1508.091309 0.000000 0.515749 0.000000 0.856740 1.000000 1.000000 1.000000
5099.792969 0.000000 1507.550049 0.000000 0.119049 0.000000 0.992888 1.000000 1.000000 1.000000
5090.826172 0.000000 1496.083740 0.000000 0.137292 0.000000 0.990531 1.000000 1.000000 1.000000
5066.375488 0.000000 1508.344116 0.000000 0.339168 0.000000 0.940726 1.000000 1.000000 1.000000
5046.300781 0.000000 1523.703613 0.000000 0.509254 0.000000 0.860616 1.000000 1.000000 1.000000
5106.905273 0.000000 1542.688477 0.000000 0.176623 0.000000 0.984279 1.000000 1.000000 1.000000
5095.801270 0.000000 1536.394531 0.000000 0.451261 0.000000 0.892392 1.000000 1.000000 1.000000
5079.782715 0.000000 1560.768799 0.000000 0.044613 0.000000 0.999004 1.000000 1.000000 1.000000
5130.815918 0.000000 1522.451294 0.000000 0.222881 0.000000 0.974846 1.000000 1.000000 1.000000
5160.199219 0.000000 1521.152222 0.000000 0.319144 0.000000 0.947706 1.000000 1.000000 1.000000
5147.643066 0.000000 1511.870117 0.000000 0.500641 0.000000 0.865655 1.000000 1.000000 1.000000
5138.585938 0.000000 1539.952759 0.000000 0.322595 0.000000 0.946537 1.000000 1.000000 1.000000
5140.706055 0.000000 1519.407959 0.000000 0.429507 0.000000 0.903064 1.000000 1.000000 1.000000
5120.362793 0.000000 1519.834351 0.000000 0.329302 0.000000 0.944225 1.000000 1.000000 1.000000
5150.362793 0.000000 1534.983521 0.000000 0.327696 0.000000 0.944783 1.000000 1.000000 1.000000
5120.378418 0.000000 1522.683350 0.000000 0.137287 0.000000 0.990531 1.000000 1.000000 1.000000
5131.626953 0.000000 1547.032837 0.000000 0.204529 0.000000 0.978860 1.000000 1.000000 1.000000
5133.534668 0.000000 1557.223389 0.000000 0.137475 0.000000 0.990505 1.000000 1.000000 1.000000
5128.575195 0.000000 1581.468384 0.000000 0.396716 0.000000 0.917941 1.000000 1.000000 1.000000
5668.495117 0.000000 2878.135010 0.000000 0.440231 0.000000 0.897884 1.000000 1.000000 1.000000
4325.922852 0.000000 3706.698486 0.000000 0.356665 0.000000 0.934232 1.000000 1.000000 1.000000
4330.981934 0.000000 3708.708984 0.000000 0.236595 0.000000 0.971608 1.000000 1.000000 1.000000
4329.297363 0.000000 3706.584961 0.000000 0.410993 0.000000 0.911638 1.000000 1.000000 1.000000
4329.312012 0.000000 3713.613037 0.000000 0.014240 0.000000 0.999899 1.000000 1.000000 1.000000
4339.285645 0.000000 3728.281738 0.000000 0.272537 0.000000 0.962145 1.000000 1.000000 1.000000
4278.606934 0.000000 3757.229980 0.000000 0.285758 0.000000 0.958302 1.000000 1.000000 1.000000
4282.317871 0.000000 3758.835205 0.000000 0.008365 0.000000 0.999965 1.000000 1.000000 1.000000
4333.144531 0.000000 3733.005859 0.000000 0.552883 0.000000 0.833259 1.000000 1.000000 1.000000
4326.189453 0.000000 3733.020264 0.000000 0.023869 0.000000 0.999715 1.000000 1.000000 1.000000
4294.790527 0.000000 3771.747314 0.000000 0.095269 0.000000 0.995452 1.000000 1.000000 1.000000
4292.855957 0.000000 3769.289551 0.000000 0.471347 0.000000 0.881948 1.000000 1.000000 1.000000
4350.906250 0.000000 3770.827393 0.000000 0.439765 0.000000 0.898113 1.000000 1.000000 1.000000
4325.325684 0.000000 3740.350342 0.000000 0.560809 0.000000 0.827945 1.000000 1.000000 1.000000
4377.146484 0.000000 3723.411621 0.000000 0.052374 0.000000 0.998628 1.000000 1.000000 1.000000
4375.690430 0.000000 3731.075928 0.000000 0.227330 0.000000 0.973818 1.000000 1.000000 1.000000
4368.576172 0.000000 3727.352539 0.000000 0.513554 0.000000 0.858057 1.000000 1.000000 1.000000
4376.767090 0.000000 3718.558594 0.000000 0.560571 0.000000 0.828107 1.000000 1.000000 1.000000
4412.702637 0.000000 3749.730713 0.000000 0.516714 0.000000 0.856158 1.000000 1.000000 1.000000
4364.314941 0.000000 3752.133057 0.000000 0.320406 0.000000 0.947280 1.000000 1.000000 1.000000
4397.972168 0.000000 3777.422852 0.000000 0.498671 0.000000 0.866791 1.000000 1.000000 1.000000
4359.927734 0.000000 3740.670898 0.000000 0.142594 0.000000 0.989781 1.000000 1.000000 1.000000
4352.528320 0.000000 3768.441406 0.000000 0.041333 0.000000 0.999145 1.000000 1.000000 1.000000
4358.025391 0.000000 3759.533936 0.000000 0.441192 0.000000 0.897413 1.000000 1.000000 1.000000
4398.458984 0.000000 3755.870361 0.000000 0.511706 0.000000 0.859161 1.000000 1.000000 1.000000
4398.811035 0.000000 3751.196533 0.000000 0.175536 0.000000 0.984473 1.000000 1.000000 1.000000
4407.943848 0.000000 3759.530762 0.000000 0.272105 0.000000 0.962268 1.000000 1.000000 1.000000
4405.312500 0.000000 3763.787109 0.000000 0.514955 0.000000 0.857217 1.000000 1.000000 1.000000
4400.831055 0.000000 3763.694824 0.000000 0.523853 0.000000 0.851808 1.000000 1.000000 1.000000
4392.708008 0.000000 3764.244141 0.000000 0.405552 0.000000 0.914072 1.000000 1.000000 1.000000
4396.104004 0.000000 3757.747314 0.000000 0.003447 0.000000 0.999994 1.000000 1.000000 1.000000
4353.737793 0.000000 3767.004395 0.000000 0.238395 0.000000 0.971168 1.000000 1.000000 1.000000
4398.233887 0.000000 3760.827148 0.000000 0.577155 0.000000 0.816635 1.000000 1.000000 1.000000
4406.114258 0.000000 3769.322266 0.000000 0.376803 0.000000 0.926294 1.000000 1.000000 1.000000
4392.830078 0.000000 3767.177734 0.000000 0.105968 0.000000 0.994370 1.000000 1.000000 1.000000
4274.401855 0.000000 3817.827148 0.000000 0.276382 0.000000 0.961048 1.000000 1.000000 1.000000
4275.986816 0.000000 3814.173340 0.000000 0.416823 0.000000 0.908988 1.000000 1.000000 1.000000
4271.040039 0.000000 3826.557373 0.000000 0.544414 0.000000 0.838816 1.000000 1.000000 1.000000
4330.132324 0.000000 3809.844727 0.000000 0.257584 0.000000 0.966256 1.000000 1.000000 1.000000
4335.136719 0.000000 3809.515137 0.000000 0.050065 0.000000 0.998746 1.000000 1.000000 1.000000
4345.390625 0.000000 3789.326416 0.000000 0.112300 0.000000 0.993674 1.000000 1.000000 1.000000
4332.611816 0.000000 3811.557617 0.000000 0.303896 0.000000 0.952705 1.000000 1.000000 1.000000
4319.001465 0.000000 3814.112305 0.000000 0.457218 0.000000 0.889354 1.000000 1.000000 1.000000
4334.466797 0.000000 3803.112549 0.000000 0.443507 0.000000 0.896271 1.000000 1.000000 1.000000
4323.619629 0.000000 3818.835938 0.000000 0.118025 0.000000 0.993011 1.000000 1.000000 1.000000
4319.810059 0.000000 3812.136230 0.000000 0.537518 0.000000 0.843252 1.000000 1.000000 1.000000
4333.521484 0.000000 3809.860352 0.000000 0.568001 0.000000 0.823028 1.000000 1.000000 1.000000
4291.608887 0.000000 3817.443848 0.000000 0.294923 0.000000 0.955521 1.000000 1.000000 1.000000
4264.101074 0.000000 3832.543457 0.000000 0.524651 0.000000 0.851318 1.000000 1.000000 1.000000
4322.613281 0.000000 3836.308350 0.000000 0.167241 0.000000 0.985916 1.000000 1.000000 1.000000
4299.896484 0.000000 3841.547852 0.000000 0.282790 0.000000 0.959182 1.000000 1.000000 1.000000
4340.924316 0.000000 3842.314453 0.000000 0.491766 0.000000 0.870728 1.000000 1.000000 1.000000
4319.853027 0.000000 3838.244873 0.000000 0.495299 0.000000 0.868722 1.000000 1.000000 1.000000
4293.036133 0.000000 3835.337891 0.000000 0.546404 0.000000 0.837522 1.000000 1.000000 1.000000
4294.588867 0.000000 3829.518555 0.000000 0.205702 0.000000 0.978615 1.000000 1.000000 1.000000
4303.755371 0.000000 3834.676025 0.000000 0.093357 0.000000 0.995633 1.000000 1.000000 1.000000
4405.115234 0.000000 3782.646484 0.000000 0.280294 0.000000 0.959914 1.000000 1.000000 1.000000
4407.764160 0.000000 3810.840576 0.000000 0.263344 0.000000 0.964702 1.000000 1.000000 1.000000
4409.816406 0.000000 3783.014648 0.000000 0.339402 0.000000 0.940642 1.000000 1.000000 1.000000
4407.839844 0.000000 3779.491211 0.000000 0.045129 0.000000 0.998981 1.000000 1.000000 1.000000
4403.971191 0.000000 3814.173340 0.000000 0.095044 0.000000 0.995473 1.000000 1.000000 1.000000
4403.534180 0.000000 3820.858398 0.000000 0.101609 0.000000 0.994824 1.000000 1.000000 1.000000
4387.842773 0.000000 3779.430664 0.000000 0.420200 0.000000 0.907432 1.000000 1.000000 1.000000
4432.332031 0.000000 3804.827881 0.000000 0.299642 0.000000 0.954052 1.000000 1.000000 1.000000
4412.847168 0.000000 3826.820068 0.000000 0.485553 0.000000 0.874207 1.000000 1.000000 1.000000
4439.860840 0.000000 3828.393799 0.000000 0.515729 0.000000 0.856752 1.000000 1.000000 1.000000
4429.403320 0.000000 3830.546631 0.000000 0.336622 0.000000 0.941640 1.000000 1.000000 1.000000
4426.275879 0.000000 3835.003662 0.000000 0.103235 0.000000 0.994657 1.000000 1.000000 1.000000
4488.806641 0.000000 3806.322266 0.000000 0.334375 0.000000 0.942440 1.000000 1.000000 1.000000
4544.643555 0.000000 3826.325684 0.000000 0.053178 0.000000 0.998585 1.000000 1.000000 1.000000
4543.448730 0.000000 3821.744141 0.000000 0.089304 0.000000 0.996004 1.000000 1.000000 1.000000
4551.461426 0.000000 3821.417480 0.000000 0.474706 0.000000 0.880145 1.000000 1.000000 1.000000
4549.494629 0.000000 3821.487061 0.000000 0.535504 0.000000 0.844533 1.000000 1.000000 1.000000
4535.132324 0.000000 3831.464111 0.000000 0.533550 0.000000 0.845768 1.000000 1.000000 1.000000
4544.433105 0.000000 3834.701660 0.000000 0.280616 0.000000 0.959820 1.000000 1.000000 1.000000
"}
object={
	name="rock_lava_generator_1_1"
	render_pass=Map
	clamp_to_water_level=no
	generated_content=yes
	layer="tree_high_layer"
	pdxmesh="hardened_lava_rock_02_mesh"
	count=110
	transform="5068.564941 0.000000 1508.602905 0.000000 0.820305 0.000000 0.571926 1.000000 1.000000 1.000000
5106.905273 0.000000 1495.446289 0.000000 0.654349 0.000000 0.756193 1.000000 1.000000 1.000000
5110.868164 0.000000 1506.128662 0.000000 0.604001 0.000000 0.796983 1.000000 1.000000 1.000000
5089.765625 0.000000 1498.580444 0.000000 0.906002 0.000000 0.423274 1.000000 1.000000 1.000000
5104.617188 0.000000 1498.238037 0.000000 0.885153 0.000000 0.465300 1.000000 1.000000 1.000000
5114.427246 0.000000 1507.122192 0.000000 0.884367 0.000000 0.466792 1.000000 1.000000 1.000000
5070.867676 0.000000 1509.324951 0.000000 0.913948 0.000000 0.405831 1.000000 1.000000 1.000000
5066.941895 0.000000 1511.659058 0.000000 0.863496 0.000000 0.504355 1.000000 1.000000 1.000000
5120.434570 0.000000 1500.816284 0.000000 0.655562 0.000000 0.755141 1.000000 1.000000 1.000000
5110.505371 0.000000 1536.847046 0.000000 0.694455 0.000000 0.719536 1.000000 1.000000 1.000000
5092.371582 0.000000 1540.978394 0.000000 0.860302 0.000000 0.509784 1.000000 1.000000 1.000000
5105.626465 0.000000 1555.786743 0.000000 0.851216 0.000000 0.524816 1.000000 1.000000 1.000000
5061.063477 0.000000 1536.561035 0.000000 0.849566 0.000000 0.527483 1.000000 1.000000 1.000000
5116.314941 0.000000 1551.702026 0.000000 0.929083 0.000000 0.369871 1.000000 1.000000 1.000000
5076.943359 0.000000 1529.647827 0.000000 0.764812 0.000000 0.644254 1.000000 1.000000 1.000000
5114.608887 0.000000 1524.948364 0.000000 0.934018 0.000000 0.357225 1.000000 1.000000 1.000000
5107.885254 0.000000 1546.548340 0.000000 0.682062 0.000000 0.731295 1.000000 1.000000 1.000000
5104.617188 0.000000 1545.480225 0.000000 0.900830 0.000000 0.434172 1.000000 1.000000 1.000000
5116.490234 0.000000 1548.787354 0.000000 0.888925 0.000000 0.458052 1.000000 1.000000 1.000000
5114.110352 0.000000 1543.679932 0.000000 0.844878 0.000000 0.534960 1.000000 1.000000 1.000000
5100.008789 0.000000 1569.385010 0.000000 0.912351 0.000000 0.409408 1.000000 1.000000 1.000000
5102.607422 0.000000 1559.442383 0.000000 0.660525 0.000000 0.750804 1.000000 1.000000 1.000000
5123.150879 0.000000 1522.729004 0.000000 0.734230 0.000000 0.678901 1.000000 1.000000 1.000000
5145.052734 0.000000 1550.270874 0.000000 0.932006 0.000000 0.362442 1.000000 1.000000 1.000000
5136.482422 0.000000 1554.211792 0.000000 0.807110 0.000000 0.590401 1.000000 1.000000 1.000000
5133.190430 0.000000 1558.680664 0.000000 0.810367 0.000000 0.585923 1.000000 1.000000 1.000000
5139.634766 0.000000 1559.107056 0.000000 0.715150 0.000000 0.698971 1.000000 1.000000 1.000000
5120.393066 0.000000 1581.913452 0.000000 0.725875 0.000000 0.687827 1.000000 1.000000 1.000000
5128.532715 0.000000 1579.965088 0.000000 0.683243 0.000000 0.730191 1.000000 1.000000 1.000000
5665.827148 0.000000 2878.259766 0.000000 0.766997 0.000000 0.641650 1.000000 1.000000 1.000000
5638.929688 0.000000 2916.843506 0.000000 0.807614 0.000000 0.589711 1.000000 1.000000 1.000000
4343.662109 0.000000 3721.083740 0.000000 0.834196 0.000000 0.551468 1.000000 1.000000 1.000000
4316.713867 0.000000 3717.718506 0.000000 0.665659 0.000000 0.746256 1.000000 1.000000 1.000000
4338.394043 0.000000 3723.342773 0.000000 0.780295 0.000000 0.625412 1.000000 1.000000 1.000000
4333.278809 0.000000 3706.354736 0.000000 0.701583 0.000000 0.712587 1.000000 1.000000 1.000000
4320.111816 0.000000 3715.567871 0.000000 0.744215 0.000000 0.667940 1.000000 1.000000 1.000000
4322.969238 0.000000 3710.551514 0.000000 0.750956 0.000000 0.660352 1.000000 1.000000 1.000000
4330.339355 0.000000 3711.874023 0.000000 0.711880 0.000000 0.702301 1.000000 1.000000 1.000000
4339.541992 0.000000 3726.374023 0.000000 0.744499 0.000000 0.667624 1.000000 1.000000 1.000000
4324.899902 0.000000 3709.028320 0.000000 0.710419 0.000000 0.703779 1.000000 1.000000 1.000000
4328.403809 0.000000 3711.376953 0.000000 0.798526 0.000000 0.601960 1.000000 1.000000 1.000000
4284.269043 0.000000 3762.621582 0.000000 0.756843 0.000000 0.653596 1.000000 1.000000 1.000000
4281.390625 0.000000 3756.449951 0.000000 0.930432 0.000000 0.366465 1.000000 1.000000 1.000000
4280.565918 0.000000 3752.596436 0.000000 0.589737 0.000000 0.807595 1.000000 1.000000 1.000000
4287.845703 0.000000 3762.490234 0.000000 0.910837 0.000000 0.412765 1.000000 1.000000 1.000000
4326.911621 0.000000 3735.612549 0.000000 0.745127 0.000000 0.666922 1.000000 1.000000 1.000000
4372.843750 0.000000 3722.964111 0.000000 0.929143 0.000000 0.369720 1.000000 1.000000 1.000000
4384.104004 0.000000 3715.567871 0.000000 0.818534 0.000000 0.574458 1.000000 1.000000 1.000000
4392.899902 0.000000 3775.709961 0.000000 0.924688 0.000000 0.380726 1.000000 1.000000 1.000000
4397.270996 0.000000 3753.596924 0.000000 0.823873 0.000000 0.566775 1.000000 1.000000 1.000000
4351.472168 0.000000 3774.501953 0.000000 0.658397 0.000000 0.752671 1.000000 1.000000 1.000000
4355.692871 0.000000 3760.866455 0.000000 0.819080 0.000000 0.573679 1.000000 1.000000 1.000000
4405.604980 0.000000 3770.932861 0.000000 0.805824 0.000000 0.592155 1.000000 1.000000 1.000000
4403.534180 0.000000 3773.616211 0.000000 0.947073 0.000000 0.321019 1.000000 1.000000 1.000000
4406.453613 0.000000 3765.851807 0.000000 0.928072 0.000000 0.372401 1.000000 1.000000 1.000000
4359.579102 0.000000 3756.995850 0.000000 0.719055 0.000000 0.694953 1.000000 1.000000 1.000000
4353.971191 0.000000 3763.255127 0.000000 0.782081 0.000000 0.623176 1.000000 1.000000 1.000000
4399.763672 0.000000 3759.993164 0.000000 0.685116 0.000000 0.728434 1.000000 1.000000 1.000000
4360.801758 0.000000 3742.902588 0.000000 0.904852 0.000000 0.425726 1.000000 1.000000 1.000000
4402.835938 0.000000 3765.281494 0.000000 0.743497 0.000000 0.668740 1.000000 1.000000 1.000000
4387.351562 0.000000 3777.087158 0.000000 0.940733 0.000000 0.339147 1.000000 1.000000 1.000000
4402.014648 0.000000 3774.472656 0.000000 0.654970 0.000000 0.755655 1.000000 1.000000 1.000000
4399.606445 0.000000 3758.593994 0.000000 0.724507 0.000000 0.689267 1.000000 1.000000 1.000000
4400.135254 0.000000 3761.331055 0.000000 0.888728 0.000000 0.458436 1.000000 1.000000 1.000000
4424.814453 0.000000 3759.080078 0.000000 0.762705 0.000000 0.646747 1.000000 1.000000 1.000000
4272.718750 0.000000 3813.105225 0.000000 0.871855 0.000000 0.489764 1.000000 1.000000 1.000000
4272.445801 0.000000 3820.666504 0.000000 0.925896 0.000000 0.377779 1.000000 1.000000 1.000000
4298.917480 0.000000 3790.076416 0.000000 0.923027 0.000000 0.384736 1.000000 1.000000 1.000000
4321.263672 0.000000 3819.377197 0.000000 0.947921 0.000000 0.318504 1.000000 1.000000 1.000000
4328.907715 0.000000 3822.952148 0.000000 0.855682 0.000000 0.517502 1.000000 1.000000 1.000000
4302.256348 0.000000 3810.648193 0.000000 0.738532 0.000000 0.674218 1.000000 1.000000 1.000000
4338.086426 0.000000 3802.870117 0.000000 0.851419 0.000000 0.524486 1.000000 1.000000 1.000000
4304.630859 0.000000 3813.813721 0.000000 0.917695 0.000000 0.397287 1.000000 1.000000 1.000000
4292.855957 0.000000 3816.531738 0.000000 0.708331 0.000000 0.705880 1.000000 1.000000 1.000000
4336.200195 0.000000 3800.705566 0.000000 0.787029 0.000000 0.616916 1.000000 1.000000 1.000000
4292.589844 0.000000 3819.935059 0.000000 0.843540 0.000000 0.537067 1.000000 1.000000 1.000000
4290.643555 0.000000 3816.284180 0.000000 0.664936 0.000000 0.746900 1.000000 1.000000 1.000000
4316.978516 0.000000 3814.392822 0.000000 0.821745 0.000000 0.569855 1.000000 1.000000 1.000000
4273.610840 0.000000 3826.773193 0.000000 0.701339 0.000000 0.712828 1.000000 1.000000 1.000000
4348.710449 0.000000 3844.215088 0.000000 0.899908 0.000000 0.436079 1.000000 1.000000 1.000000
4343.018066 0.000000 3845.620117 0.000000 0.820046 0.000000 0.572297 1.000000 1.000000 1.000000
4295.935547 0.000000 3835.155273 0.000000 0.770056 0.000000 0.637976 1.000000 1.000000 1.000000
4350.138184 0.000000 3847.208252 0.000000 0.905331 0.000000 0.424707 1.000000 1.000000 1.000000
4296.809570 0.000000 3837.386963 0.000000 0.850244 0.000000 0.526390 1.000000 1.000000 1.000000
4293.068359 0.000000 3837.656738 0.000000 0.847800 0.000000 0.530315 1.000000 1.000000 1.000000
4352.666992 0.000000 3826.325684 0.000000 0.590076 0.000000 0.807348 1.000000 1.000000 1.000000
4401.327148 0.000000 3797.736816 0.000000 0.910326 0.000000 0.413891 1.000000 1.000000 1.000000
4380.798340 0.000000 3785.541016 0.000000 0.924827 0.000000 0.380388 1.000000 1.000000 1.000000
4399.107422 0.000000 3790.778076 0.000000 0.632193 0.000000 0.774811 1.000000 1.000000 1.000000
4405.120605 0.000000 3785.429199 0.000000 0.939076 0.000000 0.343710 1.000000 1.000000 1.000000
4416.659180 0.000000 3826.325684 0.000000 0.867426 0.000000 0.497566 1.000000 1.000000 1.000000
4444.698242 0.000000 3812.202881 0.000000 0.828095 0.000000 0.560588 1.000000 1.000000 1.000000
4441.138672 0.000000 3817.895996 0.000000 0.743276 0.000000 0.668984 1.000000 1.000000 1.000000
4431.801758 0.000000 3801.009766 0.000000 0.908217 0.000000 0.418499 1.000000 1.000000 1.000000
4434.577637 0.000000 3796.280273 0.000000 0.843256 0.000000 0.537513 1.000000 1.000000 1.000000
4352.486816 0.000000 3849.538574 0.000000 0.767470 0.000000 0.641085 1.000000 1.000000 1.000000
4373.727051 0.000000 3856.335693 0.000000 0.792465 0.000000 0.609917 1.000000 1.000000 1.000000
4354.681152 0.000000 3835.438477 0.000000 0.601480 0.000000 0.798888 1.000000 1.000000 1.000000
4352.962891 0.000000 3832.541504 0.000000 0.843271 0.000000 0.537489 1.000000 1.000000 1.000000
4426.903320 0.000000 3828.312988 0.000000 0.676624 0.000000 0.736328 1.000000 1.000000 1.000000
4492.684570 0.000000 3804.218994 0.000000 0.847107 0.000000 0.531422 1.000000 1.000000 1.000000
4491.991211 0.000000 3807.548584 0.000000 0.933335 0.000000 0.359006 1.000000 1.000000 1.000000
4493.187500 0.000000 3813.044678 0.000000 0.851235 0.000000 0.524785 1.000000 1.000000 1.000000
4488.988770 0.000000 3810.834473 0.000000 0.681016 0.000000 0.732269 1.000000 1.000000 1.000000
4550.266113 0.000000 3823.136963 0.000000 0.627013 0.000000 0.779009 1.000000 1.000000 1.000000
4548.422852 0.000000 3823.092041 0.000000 0.906247 0.000000 0.422748 1.000000 1.000000 1.000000
4540.831543 0.000000 3826.820068 0.000000 0.946700 0.000000 0.322115 1.000000 1.000000 1.000000
4539.935547 0.000000 3834.509277 0.000000 0.636369 0.000000 0.771385 1.000000 1.000000 1.000000
4540.818848 0.000000 3833.164795 0.000000 0.815977 0.000000 0.578084 1.000000 1.000000 1.000000
4544.522461 0.000000 3827.516846 0.000000 0.944362 0.000000 0.328907 1.000000 1.000000 1.000000
"}
object={
	name="rock_lava_generator_1_2"
	render_pass=Map
	clamp_to_water_level=no
	generated_content=yes
	layer="tree_high_layer"
	pdxmesh="hardened_lava_rock_03_mesh"
	count=108
	transform="5040.352051 0.000000 1505.799194 0.000000 0.960066 0.000000 0.279773 1.000000 1.000000 1.000000
5111.568359 0.000000 1500.700806 0.000000 0.998588 0.000000 0.053123 1.000000 1.000000 1.000000
5101.251953 0.000000 1505.028320 0.000000 0.999315 0.000000 0.037003 1.000000 1.000000 1.000000
5107.885254 0.000000 1499.306152 0.000000 0.998756 0.000000 -0.049861 1.000000 1.000000 1.000000
5088.251465 0.000000 1507.260864 0.000000 0.999142 0.000000 -0.041418 1.000000 1.000000 1.000000
5069.989258 0.000000 1506.605347 0.000000 0.985598 0.000000 0.169106 1.000000 1.000000 1.000000
5116.294922 0.000000 1506.520386 0.000000 0.981081 0.000000 0.193596 1.000000 1.000000 1.000000
5089.765625 0.000000 1545.822632 0.000000 0.961617 0.000000 0.274394 1.000000 1.000000 1.000000
5118.903320 0.000000 1547.001343 0.000000 0.989233 0.000000 -0.146349 1.000000 1.000000 1.000000
5105.555176 0.000000 1524.729736 0.000000 0.997666 0.000000 -0.068279 1.000000 1.000000 1.000000
5111.678223 0.000000 1543.215454 0.000000 0.972938 0.000000 -0.231067 1.000000 1.000000 1.000000
5114.137207 0.000000 1533.634644 0.000000 0.986368 0.000000 0.164556 1.000000 1.000000 1.000000
5101.886230 0.000000 1557.040039 0.000000 0.960164 0.000000 0.279439 1.000000 1.000000 1.000000
5113.077637 0.000000 1550.896973 0.000000 0.968012 0.000000 0.250903 1.000000 1.000000 1.000000
5113.618652 0.000000 1541.167603 0.000000 0.989074 0.000000 -0.147423 1.000000 1.000000 1.000000
5061.907715 0.000000 1534.189087 0.000000 0.985987 0.000000 0.166821 1.000000 1.000000 1.000000
5114.000488 0.000000 1548.340454 0.000000 0.980428 0.000000 0.196880 1.000000 1.000000 1.000000
5101.050781 0.000000 1559.864990 0.000000 0.993780 0.000000 -0.111365 1.000000 1.000000 1.000000
5130.187012 0.000000 1548.636719 0.000000 0.995377 0.000000 0.096042 1.000000 1.000000 1.000000
5140.570312 0.000000 1544.624756 0.000000 0.960317 0.000000 -0.278910 1.000000 1.000000 1.000000
5127.231445 0.000000 1542.734497 0.000000 0.968728 0.000000 -0.248124 1.000000 1.000000 1.000000
5124.593750 0.000000 1532.102539 0.000000 0.999979 0.000000 0.006412 1.000000 1.000000 1.000000
5149.639160 0.000000 1553.233398 0.000000 0.995545 0.000000 -0.094291 1.000000 1.000000 1.000000
5133.540039 0.000000 1547.983887 0.000000 0.999621 0.000000 0.027522 1.000000 1.000000 1.000000
5175.709961 0.000000 1534.091309 0.000000 0.999713 0.000000 0.023936 1.000000 1.000000 1.000000
5176.456543 0.000000 1532.213379 0.000000 0.956784 0.000000 0.290800 1.000000 1.000000 1.000000
5131.811035 0.000000 1523.947754 0.000000 0.956123 0.000000 -0.292964 1.000000 1.000000 1.000000
5125.055664 0.000000 1583.803223 0.000000 0.969312 0.000000 -0.245834 1.000000 1.000000 1.000000
5128.331055 0.000000 1576.705444 0.000000 0.989002 0.000000 -0.147901 1.000000 1.000000 1.000000
5140.706055 0.000000 1566.650146 0.000000 0.958482 0.000000 0.285155 1.000000 1.000000 1.000000
5124.593750 0.000000 1579.344727 0.000000 0.998753 0.000000 -0.049923 1.000000 1.000000 1.000000
5123.473145 0.000000 1581.378418 0.000000 0.952801 0.000000 0.303596 1.000000 1.000000 1.000000
5138.485840 0.000000 1561.122070 0.000000 0.997012 0.000000 -0.077248 1.000000 1.000000 1.000000
5622.861816 0.000000 2900.776367 0.000000 0.952667 0.000000 -0.304017 1.000000 1.000000 1.000000
5652.687500 0.000000 2872.604736 0.000000 0.990445 0.000000 0.137910 1.000000 1.000000 1.000000
5702.921875 0.000000 2869.601318 0.000000 0.995804 0.000000 -0.091516 1.000000 1.000000 1.000000
4325.395508 0.000000 3711.451904 0.000000 0.962765 0.000000 -0.270341 1.000000 1.000000 1.000000
4288.674805 0.000000 3779.083496 0.000000 0.962287 0.000000 -0.272035 1.000000 1.000000 1.000000
4291.515137 0.000000 3766.379395 0.000000 0.998252 0.000000 0.059100 1.000000 1.000000 1.000000
4291.700684 0.000000 3760.866455 0.000000 0.999908 0.000000 -0.013572 1.000000 1.000000 1.000000
4349.556641 0.000000 3775.716309 0.000000 0.999732 0.000000 0.023132 1.000000 1.000000 1.000000
4288.647949 0.000000 3758.949951 0.000000 0.966375 0.000000 0.257138 1.000000 1.000000 1.000000
4291.117676 0.000000 3774.525635 0.000000 0.964474 0.000000 -0.264178 1.000000 1.000000 1.000000
4325.509766 0.000000 3743.156738 0.000000 0.999589 0.000000 0.028655 1.000000 1.000000 1.000000
4322.659668 0.000000 3745.178223 0.000000 0.997565 0.000000 -0.069738 1.000000 1.000000 1.000000
4297.636230 0.000000 3767.027588 0.000000 0.999963 0.000000 -0.008606 1.000000 1.000000 1.000000
4350.430664 0.000000 3769.065918 0.000000 0.974953 0.000000 -0.222411 1.000000 1.000000 1.000000
4380.706055 0.000000 3717.718506 0.000000 0.962265 0.000000 -0.272113 1.000000 1.000000 1.000000
4374.325195 0.000000 3720.237793 0.000000 0.995218 0.000000 -0.097674 1.000000 1.000000 1.000000
4386.750000 0.000000 3714.677246 0.000000 0.997224 0.000000 0.074463 1.000000 1.000000 1.000000
4406.378906 0.000000 3744.086426 0.000000 0.985918 0.000000 0.167231 1.000000 1.000000 1.000000
4362.909668 0.000000 3742.834229 0.000000 0.985706 0.000000 0.168476 1.000000 1.000000 1.000000
4406.591309 0.000000 3757.229980 0.000000 0.962714 0.000000 -0.270522 1.000000 1.000000 1.000000
4401.712402 0.000000 3776.169678 0.000000 0.952493 0.000000 0.304560 1.000000 1.000000 1.000000
4390.741211 0.000000 3767.931885 0.000000 0.991758 0.000000 -0.128123 1.000000 1.000000 1.000000
4394.124512 0.000000 3762.602539 0.000000 0.982178 0.000000 -0.187953 1.000000 1.000000 1.000000
4406.954102 0.000000 3773.753906 0.000000 0.994437 0.000000 -0.105333 1.000000 1.000000 1.000000
4385.405273 0.000000 3777.621338 0.000000 0.967435 0.000000 0.253118 1.000000 1.000000 1.000000
4407.764160 0.000000 3763.598389 0.000000 0.992722 0.000000 -0.120430 1.000000 1.000000 1.000000
4404.916504 0.000000 3747.830078 0.000000 0.999630 0.000000 -0.027207 1.000000 1.000000 1.000000
4393.989746 0.000000 3766.235840 0.000000 0.973356 0.000000 -0.229299 1.000000 1.000000 1.000000
4404.054199 0.000000 3751.119629 0.000000 0.996818 0.000000 -0.079710 1.000000 1.000000 1.000000
4409.704590 0.000000 3761.550537 0.000000 0.992239 0.000000 0.124348 1.000000 1.000000 1.000000
4401.387207 0.000000 3761.609131 0.000000 0.998952 0.000000 -0.045775 1.000000 1.000000 1.000000
4407.334473 0.000000 3771.850830 0.000000 0.996996 0.000000 0.077459 1.000000 1.000000 1.000000
4394.185059 0.000000 3777.035400 0.000000 0.990225 0.000000 0.139478 1.000000 1.000000 1.000000
4398.528809 0.000000 3763.767090 0.000000 0.993260 0.000000 -0.115910 1.000000 1.000000 1.000000
4401.093750 0.000000 3760.308105 0.000000 0.960737 0.000000 -0.277461 1.000000 1.000000 1.000000
4270.585938 0.000000 3812.527100 0.000000 0.975331 0.000000 -0.220746 1.000000 1.000000 1.000000
4272.536133 0.000000 3822.353027 0.000000 0.996164 0.000000 -0.087511 1.000000 1.000000 1.000000
4347.958984 0.000000 3787.267090 0.000000 0.980997 0.000000 -0.194025 1.000000 1.000000 1.000000
4345.824219 0.000000 3783.014648 0.000000 0.952131 0.000000 -0.305689 1.000000 1.000000 1.000000
4335.771484 0.000000 3807.235352 0.000000 0.982521 0.000000 -0.186151 1.000000 1.000000 1.000000
4289.132324 0.000000 3817.322266 0.000000 0.969632 0.000000 0.244568 1.000000 1.000000 1.000000
4264.882812 0.000000 3845.626709 0.000000 0.961722 0.000000 0.274028 1.000000 1.000000 1.000000
4269.152344 0.000000 3827.490234 0.000000 0.999124 0.000000 0.041848 1.000000 1.000000 1.000000
4271.875000 0.000000 3835.096680 0.000000 0.956411 0.000000 0.292025 1.000000 1.000000 1.000000
4267.646484 0.000000 3832.334473 0.000000 0.991511 0.000000 0.130023 1.000000 1.000000 1.000000
4271.848633 0.000000 3830.811523 0.000000 0.990378 0.000000 -0.138391 1.000000 1.000000 1.000000
4265.305176 0.000000 3848.311523 0.000000 0.999933 0.000000 0.011541 1.000000 1.000000 1.000000
4269.261230 0.000000 3834.459961 0.000000 0.968087 0.000000 -0.250614 1.000000 1.000000 1.000000
4319.967773 0.000000 3841.377930 0.000000 0.954180 0.000000 -0.299233 1.000000 1.000000 1.000000
4298.918945 0.000000 3828.312988 0.000000 0.989717 0.000000 -0.143041 1.000000 1.000000 1.000000
4337.334961 0.000000 3844.979004 0.000000 0.995641 0.000000 0.093266 1.000000 1.000000 1.000000
4305.013672 0.000000 3838.405029 0.000000 0.969115 0.000000 -0.246609 1.000000 1.000000 1.000000
4325.509766 0.000000 3837.641113 0.000000 0.976435 0.000000 0.215813 1.000000 1.000000 1.000000
4297.040039 0.000000 3830.894043 0.000000 0.986732 0.000000 0.162359 1.000000 1.000000 1.000000
4322.659668 0.000000 3839.662598 0.000000 0.998573 0.000000 -0.053394 1.000000 1.000000 1.000000
4294.595703 0.000000 3836.684082 0.000000 0.978560 0.000000 -0.205961 1.000000 1.000000 1.000000
4397.136719 0.000000 3780.248047 0.000000 0.999415 0.000000 -0.034194 1.000000 1.000000 1.000000
4396.650391 0.000000 3793.593018 0.000000 0.995588 0.000000 -0.093837 1.000000 1.000000 1.000000
4405.299316 0.000000 3801.313477 0.000000 0.998952 0.000000 -0.045775 1.000000 1.000000 1.000000
4383.831543 0.000000 3787.470703 0.000000 0.991601 0.000000 -0.129337 1.000000 1.000000 1.000000
4401.196289 0.000000 3815.729736 0.000000 0.978284 0.000000 0.207270 1.000000 1.000000 1.000000
4442.297852 0.000000 3810.685303 0.000000 0.998919 0.000000 0.046477 1.000000 1.000000 1.000000
4355.244629 0.000000 3837.596436 0.000000 0.985994 0.000000 0.166781 1.000000 1.000000 1.000000
4358.014648 0.000000 3832.148682 0.000000 0.961337 0.000000 -0.275376 1.000000 1.000000 1.000000
4355.239258 0.000000 3829.364746 0.000000 0.958923 0.000000 -0.283667 1.000000 1.000000 1.000000
4396.368164 0.000000 3844.444580 0.000000 0.999842 0.000000 0.017769 1.000000 1.000000 1.000000
4365.411133 0.000000 3830.546631 0.000000 0.999964 0.000000 0.008523 1.000000 1.000000 1.000000
4419.236816 0.000000 3837.596436 0.000000 0.983029 0.000000 0.183451 1.000000 1.000000 1.000000
4431.435059 0.000000 3828.344727 0.000000 0.999353 0.000000 0.035974 1.000000 1.000000 1.000000
4427.502930 0.000000 3832.921875 0.000000 0.994973 0.000000 -0.100148 1.000000 1.000000 1.000000
4493.618164 0.000000 3815.609131 0.000000 0.998378 0.000000 0.056942 1.000000 1.000000 1.000000
4495.634277 0.000000 3807.748047 0.000000 0.994192 0.000000 0.107618 1.000000 1.000000 1.000000
4490.186523 0.000000 3807.891602 0.000000 0.996782 0.000000 -0.080159 1.000000 1.000000 1.000000
4547.569824 0.000000 3824.812012 0.000000 0.999602 0.000000 -0.028216 1.000000 1.000000 1.000000
4549.895508 0.000000 3826.861572 0.000000 0.975254 0.000000 -0.221089 1.000000 1.000000 1.000000
"}
object={
	name="rock_lava_generator_1_3"
	render_pass=Map
	clamp_to_water_level=no
	generated_content=yes
	layer="tree_high_layer"
	pdxmesh="hardened_lava_rock_04_mesh"
	count=118
	transform="5116.314941 0.000000 1504.459839 0.000000 0.888042 0.000000 -0.459762 1.000000 1.000000 1.000000
5095.801270 0.000000 1489.152344 0.000000 0.695367 0.000000 -0.718655 1.000000 1.000000 1.000000
5089.319336 0.000000 1509.996216 0.000000 0.606154 0.000000 -0.795348 1.000000 1.000000 1.000000
5105.110352 0.000000 1500.862305 0.000000 0.649533 0.000000 -0.760333 1.000000 1.000000 1.000000
5143.596680 0.000000 1510.692871 0.000000 0.642129 0.000000 -0.766596 1.000000 1.000000 1.000000
5136.529297 0.000000 1498.946533 0.000000 0.849223 0.000000 -0.528035 1.000000 1.000000 1.000000
5116.761230 0.000000 1511.952637 0.000000 0.645856 0.000000 -0.763459 1.000000 1.000000 1.000000
5096.813965 0.000000 1555.327026 0.000000 0.926733 0.000000 -0.375721 1.000000 1.000000 1.000000
5099.544922 0.000000 1517.467163 0.000000 0.680382 0.000000 -0.732858 1.000000 1.000000 1.000000
5105.992676 0.000000 1535.244873 0.000000 0.810027 0.000000 -0.586393 1.000000 1.000000 1.000000
5085.680664 0.000000 1531.435791 0.000000 0.841037 0.000000 -0.540977 1.000000 1.000000 1.000000
5075.633789 0.000000 1526.158081 0.000000 0.760646 0.000000 -0.649166 1.000000 1.000000 1.000000
5113.218262 0.000000 1528.156006 0.000000 0.924025 0.000000 -0.382333 1.000000 1.000000 1.000000
5084.576660 0.000000 1514.843994 0.000000 0.824464 0.000000 -0.565914 1.000000 1.000000 1.000000
5099.792969 0.000000 1554.792236 0.000000 0.653343 0.000000 -0.757062 1.000000 1.000000 1.000000
5104.106445 0.000000 1533.080322 0.000000 0.652517 0.000000 -0.757774 1.000000 1.000000 1.000000
5090.826172 0.000000 1543.325928 0.000000 0.739694 0.000000 -0.672943 1.000000 1.000000 1.000000
5093.301758 0.000000 1538.311035 0.000000 0.747837 0.000000 -0.663882 1.000000 1.000000 1.000000
5070.559082 0.000000 1535.334717 0.000000 0.597569 0.000000 -0.801818 1.000000 1.000000 1.000000
5105.509277 0.000000 1559.148193 0.000000 0.725820 0.000000 -0.687885 1.000000 1.000000 1.000000
5103.409668 0.000000 1560.667358 0.000000 0.722630 0.000000 -0.691235 1.000000 1.000000 1.000000
5174.497559 0.000000 1536.847046 0.000000 0.715689 0.000000 -0.698419 1.000000 1.000000 1.000000
5136.441406 0.000000 1550.111572 0.000000 0.865137 0.000000 -0.501535 1.000000 1.000000 1.000000
5139.084961 0.000000 1552.449341 0.000000 0.696974 0.000000 -0.717097 1.000000 1.000000 1.000000
5124.179688 0.000000 1543.242310 0.000000 0.627660 0.000000 -0.778488 1.000000 1.000000 1.000000
5125.899902 0.000000 1534.189087 0.000000 0.743427 0.000000 -0.668818 1.000000 1.000000 1.000000
5125.902344 0.000000 1544.835327 0.000000 0.864824 0.000000 -0.502075 1.000000 1.000000 1.000000
5121.820801 0.000000 1579.608521 0.000000 0.691252 0.000000 -0.722613 1.000000 1.000000 1.000000
5127.334473 0.000000 1579.174316 0.000000 0.915075 0.000000 -0.403284 1.000000 1.000000 1.000000
5130.719727 0.000000 1577.044922 0.000000 0.599133 0.000000 -0.800650 1.000000 1.000000 1.000000
5129.876465 0.000000 1579.470581 0.000000 0.793598 0.000000 -0.608442 1.000000 1.000000 1.000000
5625.889160 0.000000 2900.899170 0.000000 0.922085 0.000000 -0.386987 1.000000 1.000000 1.000000
5669.147949 0.000000 2879.715088 0.000000 0.612830 0.000000 -0.790215 1.000000 1.000000 1.000000
5667.195312 0.000000 2879.485596 0.000000 0.848908 0.000000 -0.528541 1.000000 1.000000 1.000000
5667.064453 0.000000 2878.279297 0.000000 0.764678 0.000000 -0.644413 1.000000 1.000000 1.000000
4321.263672 0.000000 3724.892822 0.000000 0.704872 0.000000 -0.709334 1.000000 1.000000 1.000000
4324.465332 0.000000 3714.119141 0.000000 0.643898 0.000000 -0.765111 1.000000 1.000000 1.000000
4334.055176 0.000000 3711.150635 0.000000 0.721302 0.000000 -0.692621 1.000000 1.000000 1.000000
4337.720215 0.000000 3728.927490 0.000000 0.649854 0.000000 -0.760059 1.000000 1.000000 1.000000
4327.895020 0.000000 3709.535400 0.000000 0.632523 0.000000 -0.774542 1.000000 1.000000 1.000000
4342.961914 0.000000 3726.511719 0.000000 0.716264 0.000000 -0.697830 1.000000 1.000000 1.000000
4317.611816 0.000000 3722.200928 0.000000 0.946489 0.000000 -0.322735 1.000000 1.000000 1.000000
4320.345215 0.000000 3727.643799 0.000000 0.661747 0.000000 -0.749727 1.000000 1.000000 1.000000
4340.810059 0.000000 3728.961426 0.000000 0.799823 0.000000 -0.600236 1.000000 1.000000 1.000000
4343.342285 0.000000 3724.608643 0.000000 0.895129 0.000000 -0.445807 1.000000 1.000000 1.000000
4329.772949 0.000000 3710.119141 0.000000 0.632863 0.000000 -0.774264 1.000000 1.000000 1.000000
4286.424316 0.000000 3759.429443 0.000000 0.905517 0.000000 -0.424311 1.000000 1.000000 1.000000
4298.288574 0.000000 3769.019775 0.000000 0.832342 0.000000 -0.554262 1.000000 1.000000 1.000000
4325.712891 0.000000 3746.441895 0.000000 0.847273 0.000000 -0.531158 1.000000 1.000000 1.000000
4324.928223 0.000000 3737.647705 0.000000 0.853038 0.000000 -0.521848 1.000000 1.000000 1.000000
4337.603027 0.000000 3732.288818 0.000000 0.813194 0.000000 -0.581992 1.000000 1.000000 1.000000
4296.676758 0.000000 3754.609131 0.000000 0.768709 0.000000 -0.639598 1.000000 1.000000 1.000000
4296.830078 0.000000 3759.080078 0.000000 0.750071 0.000000 -0.661357 1.000000 1.000000 1.000000
4295.093750 0.000000 3767.202881 0.000000 0.828523 0.000000 -0.559955 1.000000 1.000000 1.000000
4294.033203 0.000000 3759.533936 0.000000 0.645634 0.000000 -0.763647 1.000000 1.000000 1.000000
4350.311523 0.000000 3773.548340 0.000000 0.829171 0.000000 -0.558996 1.000000 1.000000 1.000000
4324.675293 0.000000 3744.995605 0.000000 0.932576 0.000000 -0.360973 1.000000 1.000000 1.000000
4372.435059 0.000000 3728.487061 0.000000 0.819175 0.000000 -0.573544 1.000000 1.000000 1.000000
4379.639648 0.000000 3729.599609 0.000000 0.681595 0.000000 -0.731730 1.000000 1.000000 1.000000
4381.732910 0.000000 3726.374268 0.000000 0.617029 0.000000 -0.786940 1.000000 1.000000 1.000000
4351.837891 0.000000 3762.490234 0.000000 0.887906 0.000000 -0.460025 1.000000 1.000000 1.000000
4398.047363 0.000000 3758.392822 0.000000 0.903864 0.000000 -0.427821 1.000000 1.000000 1.000000
4401.327148 0.000000 3750.494629 0.000000 0.869122 0.000000 -0.494598 1.000000 1.000000 1.000000
4357.149414 0.000000 3756.943848 0.000000 0.764167 0.000000 -0.645018 1.000000 1.000000 1.000000
4360.424805 0.000000 3749.846191 0.000000 0.611916 0.000000 -0.790923 1.000000 1.000000 1.000000
4402.991211 0.000000 3763.071533 0.000000 0.882344 0.000000 -0.470604 1.000000 1.000000 1.000000
4360.668945 0.000000 3754.609131 0.000000 0.829581 0.000000 -0.558387 1.000000 1.000000 1.000000
4389.304199 0.000000 3777.316650 0.000000 0.894057 0.000000 -0.447952 1.000000 1.000000 1.000000
4396.604004 0.000000 3764.315430 0.000000 0.752508 0.000000 -0.658584 1.000000 1.000000 1.000000
4404.578613 0.000000 3765.328125 0.000000 0.920113 0.000000 -0.391653 1.000000 1.000000 1.000000
4401.745605 0.000000 3762.800049 0.000000 0.927289 0.000000 -0.374346 1.000000 1.000000 1.000000
4400.544922 0.000000 3762.497803 0.000000 0.682396 0.000000 -0.730983 1.000000 1.000000 1.000000
4422.017578 0.000000 3759.533936 0.000000 0.794004 0.000000 -0.607912 1.000000 1.000000 1.000000
4275.549805 0.000000 3820.858398 0.000000 0.644738 0.000000 -0.764403 1.000000 1.000000 1.000000
4272.952637 0.000000 3825.652832 0.000000 0.884664 0.000000 -0.466230 1.000000 1.000000 1.000000
4342.386719 0.000000 3791.328613 0.000000 0.815822 0.000000 -0.578303 1.000000 1.000000 1.000000
4290.413086 0.000000 3818.445312 0.000000 0.948482 0.000000 -0.316831 1.000000 1.000000 1.000000
4316.713867 0.000000 3812.202881 0.000000 0.905711 0.000000 -0.423896 1.000000 1.000000 1.000000
4325.704590 0.000000 3819.827148 0.000000 0.657591 0.000000 -0.753376 1.000000 1.000000 1.000000
4323.353027 0.000000 3816.591064 0.000000 0.944156 0.000000 -0.329497 1.000000 1.000000 1.000000
4323.366211 0.000000 3821.905029 0.000000 0.914375 0.000000 -0.404869 1.000000 1.000000 1.000000
4336.433105 0.000000 3804.721924 0.000000 0.675952 0.000000 -0.736946 1.000000 1.000000 1.000000
4330.802246 0.000000 3811.853516 0.000000 0.618364 0.000000 -0.785892 1.000000 1.000000 1.000000
4269.329102 0.000000 3830.283447 0.000000 0.740277 0.000000 -0.672302 1.000000 1.000000 1.000000
4300.708008 0.000000 3851.461182 0.000000 0.729803 0.000000 -0.683657 1.000000 1.000000 1.000000
4300.322754 0.000000 3846.617432 0.000000 0.834535 0.000000 -0.550955 1.000000 1.000000 1.000000
4292.552246 0.000000 3841.868408 0.000000 0.921639 0.000000 -0.388048 1.000000 1.000000 1.000000
4291.247070 0.000000 3829.364746 0.000000 0.678748 0.000000 -0.734372 1.000000 1.000000 1.000000
4296.611816 0.000000 3841.339355 0.000000 0.637584 0.000000 -0.770381 1.000000 1.000000 1.000000
4298.821289 0.000000 3844.669922 0.000000 0.935075 0.000000 -0.354450 1.000000 1.000000 1.000000
4303.991699 0.000000 3836.819580 0.000000 0.775743 0.000000 -0.631049 1.000000 1.000000 1.000000
4320.759277 0.000000 3839.777832 0.000000 0.903422 0.000000 -0.428752 1.000000 1.000000 1.000000
4406.591309 0.000000 3804.472168 0.000000 0.785687 0.000000 -0.618625 1.000000 1.000000 1.000000
4385.224121 0.000000 3779.656006 0.000000 0.610091 0.000000 -0.792331 1.000000 1.000000 1.000000
4406.236816 0.000000 3825.947998 0.000000 0.666583 0.000000 -0.745431 1.000000 1.000000 1.000000
4402.731934 0.000000 3785.299072 0.000000 0.859425 0.000000 -0.511263 1.000000 1.000000 1.000000
4404.802246 0.000000 3823.445801 0.000000 0.765182 0.000000 -0.643814 1.000000 1.000000 1.000000
4394.711914 0.000000 3779.532959 0.000000 0.712064 0.000000 -0.702115 1.000000 1.000000 1.000000
4407.605469 0.000000 3781.836670 0.000000 0.923803 0.000000 -0.382869 1.000000 1.000000 1.000000
4440.759277 0.000000 3813.042969 0.000000 0.840928 0.000000 -0.541147 1.000000 1.000000 1.000000
4434.683594 0.000000 3799.495850 0.000000 0.661280 0.000000 -0.750139 1.000000 1.000000 1.000000
4431.642090 0.000000 3807.748047 0.000000 0.666961 0.000000 -0.745092 1.000000 1.000000 1.000000
4430.637207 0.000000 3802.959717 0.000000 0.690371 0.000000 -0.723456 1.000000 1.000000 1.000000
4351.768555 0.000000 3830.671631 0.000000 0.886685 0.000000 -0.462374 1.000000 1.000000 1.000000
4363.510742 0.000000 3832.921875 0.000000 0.642384 0.000000 -0.766383 1.000000 1.000000 1.000000
4407.839844 0.000000 3826.733398 0.000000 0.707115 0.000000 -0.707098 1.000000 1.000000 1.000000
4355.127930 0.000000 3833.160889 0.000000 0.946660 0.000000 -0.322235 1.000000 1.000000 1.000000
4351.552246 0.000000 3846.726074 0.000000 0.950067 0.000000 -0.312046 1.000000 1.000000 1.000000
4426.901855 0.000000 3837.318604 0.000000 0.902716 0.000000 -0.430237 1.000000 1.000000 1.000000
4494.232910 0.000000 3810.648193 0.000000 0.666737 0.000000 -0.745293 1.000000 1.000000 1.000000
4487.309570 0.000000 3810.359619 0.000000 0.597289 0.000000 -0.802026 1.000000 1.000000 1.000000
4492.782715 0.000000 3819.238525 0.000000 0.864943 0.000000 -0.501871 1.000000 1.000000 1.000000
4490.416016 0.000000 3809.811768 0.000000 0.806674 0.000000 -0.590996 1.000000 1.000000 1.000000
4488.489258 0.000000 3808.519531 0.000000 0.709406 0.000000 -0.704800 1.000000 1.000000 1.000000
4537.800781 0.000000 3830.256836 0.000000 0.914633 0.000000 -0.404286 1.000000 1.000000 1.000000
4542.351074 0.000000 3833.316650 0.000000 0.948086 0.000000 -0.318014 1.000000 1.000000 1.000000
4542.671875 0.000000 3828.475586 0.000000 0.872041 0.000000 -0.489433 1.000000 1.000000 1.000000
4546.931152 0.000000 3827.020020 0.000000 0.833197 0.000000 -0.552976 1.000000 1.000000 1.000000
"}
object={
	name="rock_lava_generator_1_4"
	render_pass=Map
	clamp_to_water_level=no
	generated_content=yes
	layer="tree_high_layer"
	pdxmesh="hardened_lava_rock_05_mesh"
	count=105
	transform="5055.751953 0.000000 1494.865234 0.000000 0.545585 0.000000 -0.838055 1.000000 1.000000 1.000000
5115.055664 0.000000 1498.832397 0.000000 0.535700 0.000000 -0.844409 1.000000 1.000000 1.000000
5056.554199 0.000000 1491.324829 0.000000 0.408936 0.000000 -0.912563 1.000000 1.000000 1.000000
5073.187500 0.000000 1510.172241 0.000000 0.366434 0.000000 -0.930444 1.000000 1.000000 1.000000
5122.311523 0.000000 1503.578125 0.000000 0.559353 0.000000 -0.828930 1.000000 1.000000 1.000000
5147.545898 0.000000 1509.216553 0.000000 0.496719 0.000000 -0.867911 1.000000 1.000000 1.000000
5066.825195 0.000000 1513.445679 0.000000 0.325112 0.000000 -0.945675 1.000000 1.000000 1.000000
5116.167480 0.000000 1542.238647 0.000000 0.314256 0.000000 -0.949338 1.000000 1.000000 1.000000
5081.150879 0.000000 1517.312378 0.000000 0.565234 0.000000 -0.824931 1.000000 1.000000 1.000000
5115.055664 0.000000 1546.074585 0.000000 0.112120 0.000000 -0.993695 1.000000 1.000000 1.000000
5082.456543 0.000000 1532.226807 0.000000 0.213228 0.000000 -0.977002 1.000000 1.000000 1.000000
5059.480957 0.000000 1534.136230 0.000000 0.479121 0.000000 -0.877749 1.000000 1.000000 1.000000
5104.851074 0.000000 1558.027832 0.000000 0.542163 0.000000 -0.840273 1.000000 1.000000 1.000000
5104.745117 0.000000 1543.312012 0.000000 0.359809 0.000000 -0.933026 1.000000 1.000000 1.000000
5102.938477 0.000000 1558.932251 0.000000 0.537322 0.000000 -0.843377 1.000000 1.000000 1.000000
5103.773438 0.000000 1567.471558 0.000000 0.342738 0.000000 -0.939431 1.000000 1.000000 1.000000
5103.747070 0.000000 1563.186279 0.000000 0.300171 0.000000 -0.953885 1.000000 1.000000 1.000000
5132.557129 0.000000 1555.845093 0.000000 0.521878 0.000000 -0.853020 1.000000 1.000000 1.000000
5123.413574 0.000000 1545.996582 0.000000 0.030810 0.000000 -0.999525 1.000000 1.000000 1.000000
5132.704590 0.000000 1551.613403 0.000000 0.042007 0.000000 -0.999117 1.000000 1.000000 1.000000
5153.605957 0.000000 1540.137207 0.000000 0.287976 0.000000 -0.957638 1.000000 1.000000 1.000000
5130.337891 0.000000 1542.186523 0.000000 0.465309 0.000000 -0.885149 1.000000 1.000000 1.000000
5132.070801 0.000000 1549.504150 0.000000 0.042096 0.000000 -0.999114 1.000000 1.000000 1.000000
5141.419434 0.000000 1560.980713 0.000000 0.341584 0.000000 -0.939851 1.000000 1.000000 1.000000
5128.757324 0.000000 1578.341431 0.000000 0.340887 0.000000 -0.940104 1.000000 1.000000 1.000000
5703.065430 0.000000 2868.309326 0.000000 0.582382 0.000000 -0.812915 1.000000 1.000000 1.000000
5684.422363 0.000000 2914.968750 0.000000 0.376071 0.000000 -0.926591 1.000000 1.000000 1.000000
4341.612793 0.000000 3723.690674 0.000000 0.285191 0.000000 -0.958471 1.000000 1.000000 1.000000
4339.678223 0.000000 3731.200684 0.000000 0.070507 0.000000 -0.997511 1.000000 1.000000 1.000000
4285.968262 0.000000 3756.119385 0.000000 0.371173 0.000000 -0.928564 1.000000 1.000000 1.000000
4287.004883 0.000000 3767.384277 0.000000 0.537934 0.000000 -0.842987 1.000000 1.000000 1.000000
4282.238770 0.000000 3754.017578 0.000000 0.212280 0.000000 -0.977209 1.000000 1.000000 1.000000
4283.157227 0.000000 3766.457520 0.000000 0.390879 0.000000 -0.920442 1.000000 1.000000 1.000000
4286.319824 0.000000 3764.623291 0.000000 0.270939 0.000000 -0.962597 1.000000 1.000000 1.000000
4346.533691 0.000000 3778.010986 0.000000 0.487306 0.000000 -0.873231 1.000000 1.000000 1.000000
4295.333008 0.000000 3763.117432 0.000000 0.364232 0.000000 -0.931308 1.000000 1.000000 1.000000
4348.408691 0.000000 3772.084961 0.000000 0.174081 0.000000 -0.984731 1.000000 1.000000 1.000000
4350.997070 0.000000 3767.384277 0.000000 0.240773 0.000000 -0.970581 1.000000 1.000000 1.000000
4342.244629 0.000000 3778.705811 0.000000 0.201573 0.000000 -0.979473 1.000000 1.000000 1.000000
4297.583496 0.000000 3773.910645 0.000000 0.030145 0.000000 -0.999546 1.000000 1.000000 1.000000
4333.321289 0.000000 3735.799072 0.000000 0.432158 0.000000 -0.901798 1.000000 1.000000 1.000000
4297.592285 0.000000 3771.381592 0.000000 0.569664 0.000000 -0.821878 1.000000 1.000000 1.000000
4295.887695 0.000000 3769.496582 0.000000 0.037556 0.000000 -0.999295 1.000000 1.000000 1.000000
4388.457520 0.000000 3714.119141 0.000000 0.329922 0.000000 -0.944008 1.000000 1.000000 1.000000
4374.021973 0.000000 3725.631348 0.000000 0.576501 0.000000 -0.817096 1.000000 1.000000 1.000000
4376.704102 0.000000 3721.067383 0.000000 0.328139 0.000000 -0.944630 1.000000 1.000000 1.000000
4375.028320 0.000000 3722.794189 0.000000 0.508618 0.000000 -0.860992 1.000000 1.000000 1.000000
4407.654297 0.000000 3768.325928 0.000000 0.304671 0.000000 -0.952458 1.000000 1.000000 1.000000
4362.911133 0.000000 3733.828613 0.000000 0.560665 0.000000 -0.828042 1.000000 1.000000 1.000000
4368.068848 0.000000 3749.258301 0.000000 0.282070 0.000000 -0.959394 1.000000 1.000000 1.000000
4369.005859 0.000000 3743.920654 0.000000 0.492045 0.000000 -0.870570 1.000000 1.000000 1.000000
4406.236816 0.000000 3778.705811 0.000000 0.192664 0.000000 -0.981265 1.000000 1.000000 1.000000
4399.128906 0.000000 3762.272949 0.000000 0.515085 0.000000 -0.857139 1.000000 1.000000 1.000000
4400.703125 0.000000 3765.863037 0.000000 0.458757 0.000000 -0.888562 1.000000 1.000000 1.000000
4382.408691 0.000000 3778.122559 0.000000 0.220109 0.000000 -0.975475 1.000000 1.000000 1.000000
4365.411133 0.000000 3736.062256 0.000000 0.526477 0.000000 -0.850190 1.000000 1.000000 1.000000
4352.743652 0.000000 3765.298340 0.000000 0.326996 0.000000 -0.945026 1.000000 1.000000 1.000000
4367.811523 0.000000 3746.375488 0.000000 0.464162 0.000000 -0.885750 1.000000 1.000000 1.000000
4351.476074 0.000000 3770.836914 0.000000 0.165834 0.000000 -0.986154 1.000000 1.000000 1.000000
4361.970215 0.000000 3752.611328 0.000000 0.116260 0.000000 -0.993219 1.000000 1.000000 1.000000
4395.740234 0.000000 3778.000488 0.000000 0.485907 0.000000 -0.874010 1.000000 1.000000 1.000000
4402.011230 0.000000 3772.471680 0.000000 0.582566 0.000000 -0.812784 1.000000 1.000000 1.000000
4407.736816 0.000000 3770.124268 0.000000 0.158527 0.000000 -0.987355 1.000000 1.000000 1.000000
4394.794434 0.000000 3764.611328 0.000000 0.396126 0.000000 -0.918196 1.000000 1.000000 1.000000
4351.523926 0.000000 3769.475098 0.000000 0.275627 0.000000 -0.961265 1.000000 1.000000 1.000000
4425.973633 0.000000 3756.712891 0.000000 0.563120 0.000000 -0.826375 1.000000 1.000000 1.000000
4269.479004 0.000000 3814.399902 0.000000 0.246417 0.000000 -0.969164 1.000000 1.000000 1.000000
4273.728027 0.000000 3823.411865 0.000000 0.491176 0.000000 -0.871061 1.000000 1.000000 1.000000
4334.055176 0.000000 3805.635010 0.000000 0.090832 0.000000 -0.995866 1.000000 1.000000 1.000000
4321.859375 0.000000 3813.447754 0.000000 0.404262 0.000000 -0.914643 1.000000 1.000000 1.000000
4299.896484 0.000000 3794.305664 0.000000 0.109323 0.000000 -0.994006 1.000000 1.000000 1.000000
4288.536133 0.000000 3815.683594 0.000000 0.149986 0.000000 -0.988688 1.000000 1.000000 1.000000
4332.597656 0.000000 3808.423828 0.000000 0.263273 0.000000 -0.964721 1.000000 1.000000 1.000000
4338.724609 0.000000 3800.520752 0.000000 0.492965 0.000000 -0.870049 1.000000 1.000000 1.000000
4336.253906 0.000000 3802.552002 0.000000 0.517416 0.000000 -0.855734 1.000000 1.000000 1.000000
4318.282227 0.000000 3812.570068 0.000000 0.291730 0.000000 -0.956501 1.000000 1.000000 1.000000
4270.991211 0.000000 3832.996582 0.000000 0.115640 0.000000 -0.993291 1.000000 1.000000 1.000000
4298.917480 0.000000 3837.318604 0.000000 0.367507 0.000000 -0.930021 1.000000 1.000000 1.000000
4291.252441 0.000000 3837.596436 0.000000 0.314805 0.000000 -0.949156 1.000000 1.000000 1.000000
4296.432617 0.000000 3844.330566 0.000000 0.062835 0.000000 -0.998024 1.000000 1.000000 1.000000
4294.022461 0.000000 3832.148682 0.000000 0.207834 0.000000 -0.978164 1.000000 1.000000 1.000000
4293.926758 0.000000 3826.861572 0.000000 0.310193 0.000000 -0.950674 1.000000 1.000000 1.000000
4295.128418 0.000000 3838.632812 0.000000 0.156420 0.000000 -0.987691 1.000000 1.000000 1.000000
4302.272949 0.000000 3835.903564 0.000000 0.570596 0.000000 -0.821231 1.000000 1.000000 1.000000
4345.312012 0.000000 3843.023193 0.000000 0.529214 0.000000 -0.848488 1.000000 1.000000 1.000000
4296.578613 0.000000 3826.666504 0.000000 0.103191 0.000000 -0.994662 1.000000 1.000000 1.000000
4321.735840 0.000000 3838.089355 0.000000 0.436676 0.000000 -0.899619 1.000000 1.000000 1.000000
4296.683105 0.000000 3839.411377 0.000000 0.095299 0.000000 -0.995449 1.000000 1.000000 1.000000
4402.386230 0.000000 3817.827148 0.000000 0.366212 0.000000 -0.930531 1.000000 1.000000 1.000000
4402.078613 0.000000 3802.870117 0.000000 0.177035 0.000000 -0.984204 1.000000 1.000000 1.000000
4396.094727 0.000000 3789.767822 0.000000 0.565620 0.000000 -0.824666 1.000000 1.000000 1.000000
4397.313477 0.000000 3783.041260 0.000000 0.424164 0.000000 -0.905585 1.000000 1.000000 1.000000
4401.385254 0.000000 3789.707520 0.000000 0.093265 0.000000 -0.995641 1.000000 1.000000 1.000000
4398.035645 0.000000 3789.081787 0.000000 0.392453 0.000000 -0.919772 1.000000 1.000000 1.000000
4406.221191 0.000000 3780.541748 0.000000 0.546896 0.000000 -0.837201 1.000000 1.000000 1.000000
4404.262207 0.000000 3802.864746 0.000000 0.251159 0.000000 -0.967946 1.000000 1.000000 1.000000
4428.692383 0.000000 3804.218994 0.000000 0.279862 0.000000 -0.960040 1.000000 1.000000 1.000000
4432.061035 0.000000 3796.500488 0.000000 0.413007 0.000000 -0.910728 1.000000 1.000000 1.000000
4440.816406 0.000000 3808.276611 0.000000 0.571077 0.000000 -0.820896 1.000000 1.000000 1.000000
4372.664062 0.000000 3859.491943 0.000000 0.270512 0.000000 -0.962717 1.000000 1.000000 1.000000
4352.456543 0.000000 3834.701660 0.000000 0.394847 0.000000 -0.918747 1.000000 1.000000 1.000000
4361.032227 0.000000 3830.894043 0.000000 0.198581 0.000000 -0.980084 1.000000 1.000000 1.000000
4541.527832 0.000000 3830.775635 0.000000 0.454416 0.000000 -0.890790 1.000000 1.000000 1.000000
4539.624023 0.000000 3832.148193 0.000000 0.545989 0.000000 -0.837793 1.000000 1.000000 1.000000
4543.745117 0.000000 3830.671631 0.000000 0.489410 0.000000 -0.872054 1.000000 1.000000 1.000000
"}
