object={
	name="rock_salt_generator_1_0"
	render_pass=Map
	clamp_to_water_level=no
	generated_content=yes
	layer="tree_high_layer"
	pdxmesh="rock_salt_02_mesh"
	count=2
	transform="5169.618652 0.000000 2406.146240 0.000000 0.064644 0.000000 0.997908 1.000000 1.000000 1.000000
5173.511230 0.000000 2400.909424 0.000000 0.015432 0.000000 0.999881 1.000000 1.000000 1.000000
"}
object={
	name="rock_salt_generator_1_1"
	render_pass=Map
	clamp_to_water_level=no
	generated_content=yes
	layer="tree_high_layer"
	pdxmesh="rock_salt_03_mesh"
	count=42
	transform="5180.498535 0.000000 2360.474854 0.000000 0.496966 0.000000 0.867770 1.000000 1.000000 1.000000
5180.753418 0.000000 2362.312256 0.000000 0.563843 0.000000 0.825882 1.000000 1.000000 1.000000
5156.363770 0.000000 2391.337891 0.000000 0.262977 0.000000 0.964802 1.000000 1.000000 1.000000
5148.612305 0.000000 2394.937256 0.000000 0.816557 0.000000 0.577264 1.000000 1.000000 1.000000
5170.292480 0.000000 2400.561523 0.000000 0.785860 0.000000 0.618405 1.000000 1.000000 1.000000
5138.585938 0.000000 2390.312256 0.000000 0.542810 0.000000 0.839855 1.000000 1.000000 1.000000
5148.366699 0.000000 2391.056885 0.000000 0.446373 0.000000 0.894847 1.000000 1.000000 1.000000
5141.633301 0.000000 2391.827881 0.000000 0.557815 0.000000 0.829965 1.000000 1.000000 1.000000
5171.440430 0.000000 2403.592773 0.000000 0.536355 0.000000 0.843993 1.000000 1.000000 1.000000
5168.336426 0.000000 2403.400879 0.000000 0.778161 0.000000 0.628065 1.000000 1.000000 1.000000
5152.466309 0.000000 2399.402344 0.000000 0.314399 0.000000 0.949291 1.000000 1.000000 1.000000
5157.293945 0.000000 2388.670654 0.000000 0.157046 0.000000 0.987591 1.000000 1.000000 1.000000
5165.219727 0.000000 2365.775635 0.000000 0.525336 0.000000 0.850895 1.000000 1.000000 1.000000
5155.518066 0.000000 2401.570312 0.000000 0.506799 0.000000 0.862064 1.000000 1.000000 1.000000
5139.427734 0.000000 2392.544678 0.000000 0.743900 0.000000 0.668291 1.000000 1.000000 1.000000
5180.048828 0.000000 2364.461182 0.000000 0.288267 0.000000 0.957550 1.000000 1.000000 1.000000
5163.251465 0.000000 2397.915771 0.000000 0.525626 0.000000 0.850716 1.000000 1.000000 1.000000
5160.614258 0.000000 2394.220703 0.000000 0.644976 0.000000 0.764203 1.000000 1.000000 1.000000
5151.708496 0.000000 2394.870605 0.000000 0.310949 0.000000 0.950427 1.000000 1.000000 1.000000
5148.876953 0.000000 2397.127197 0.000000 0.578321 0.000000 0.815810 1.000000 1.000000 1.000000
5146.696289 0.000000 2395.532471 0.000000 0.692880 0.000000 0.721053 1.000000 1.000000 1.000000
5161.671387 0.000000 2387.337891 0.000000 0.683261 0.000000 0.730174 1.000000 1.000000 1.000000
5151.078613 0.000000 2398.534180 0.000000 0.307377 0.000000 0.951588 1.000000 1.000000 1.000000
5150.180664 0.000000 2395.304443 0.000000 0.327050 0.000000 0.945007 1.000000 1.000000 1.000000
5163.136230 0.000000 2366.057861 0.000000 0.613064 0.000000 0.790033 1.000000 1.000000 1.000000
5149.572754 0.000000 2394.149170 0.000000 0.454465 0.000000 0.890765 1.000000 1.000000 1.000000
5189.047852 0.000000 2386.920410 0.000000 0.814708 0.000000 0.579871 1.000000 1.000000 1.000000
5189.892090 0.000000 2384.548584 0.000000 0.541097 0.000000 0.840960 1.000000 1.000000 1.000000
5606.033203 0.000000 2882.660889 0.000000 0.723391 0.000000 0.690439 1.000000 1.000000 1.000000
5619.440918 0.000000 2891.112305 0.000000 0.435548 0.000000 0.900165 1.000000 1.000000 1.000000
5619.159180 0.000000 2893.253906 0.000000 0.737822 0.000000 0.674995 1.000000 1.000000 1.000000
5636.487793 0.000000 2910.841553 0.000000 0.238111 0.000000 0.971238 1.000000 1.000000 1.000000
5713.189941 0.000000 2885.675537 0.000000 0.786141 0.000000 0.618047 1.000000 1.000000 1.000000
5714.754395 0.000000 2887.946777 0.000000 0.633669 0.000000 0.773604 1.000000 1.000000 1.000000
5697.697754 0.000000 2885.895020 0.000000 0.466614 0.000000 0.884461 1.000000 1.000000 1.000000
5511.184570 0.000000 3196.211182 0.000000 0.649801 0.000000 0.760104 1.000000 1.000000 1.000000
5527.248535 0.000000 3186.483154 0.000000 0.319699 0.000000 0.947519 1.000000 1.000000 1.000000
5513.435059 0.000000 3395.973145 0.000000 0.217696 0.000000 0.976017 1.000000 1.000000 1.000000
5514.907715 0.000000 3394.445557 0.000000 0.530667 0.000000 0.847580 1.000000 1.000000 1.000000
5489.579590 0.000000 3445.474365 0.000000 0.336939 0.000000 0.941526 1.000000 1.000000 1.000000
5509.874023 0.000000 3406.968994 0.000000 0.536890 0.000000 0.843652 1.000000 1.000000 1.000000
5510.440430 0.000000 3404.338867 0.000000 0.325910 0.000000 0.945401 1.000000 1.000000 1.000000
"}
object={
	name="rock_salt_generator_1_2"
	render_pass=Map
	clamp_to_water_level=no
	generated_content=yes
	layer="tree_high_layer"
	pdxmesh="rock_salt_04_mesh"
	count=21
	transform="5182.602539 0.000000 2360.670166 0.000000 0.848657 0.000000 0.528943 1.000000 1.000000 1.000000
5140.570312 0.000000 2394.984131 0.000000 0.975309 0.000000 0.220845 1.000000 1.000000 1.000000
5158.647461 0.000000 2397.908447 0.000000 0.980742 0.000000 0.195309 1.000000 1.000000 1.000000
5163.537109 0.000000 2367.826660 0.000000 0.967497 0.000000 0.252882 1.000000 1.000000 1.000000
5181.449707 0.000000 2366.267822 0.000000 0.964437 0.000000 0.264313 1.000000 1.000000 1.000000
5155.251465 0.000000 2399.325439 0.000000 0.945401 0.000000 0.325910 1.000000 1.000000 1.000000
5153.605957 0.000000 2390.496826 0.000000 0.904040 0.000000 0.427447 1.000000 1.000000 1.000000
5154.818359 0.000000 2393.685303 0.000000 0.957117 0.000000 0.289703 1.000000 1.000000 1.000000
5154.656250 0.000000 2391.895996 0.000000 0.882070 0.000000 0.471119 1.000000 1.000000 1.000000
5151.604004 0.000000 2397.632324 0.000000 0.856597 0.000000 0.515986 1.000000 1.000000 1.000000
5184.646484 0.000000 2379.944336 0.000000 0.854930 0.000000 0.518743 1.000000 1.000000 1.000000
5622.088379 0.000000 2881.104248 0.000000 0.946396 0.000000 0.323009 1.000000 1.000000 1.000000
5606.755371 0.000000 2885.253174 0.000000 0.888988 0.000000 0.457930 1.000000 1.000000 1.000000
5697.136230 0.000000 2884.279297 0.000000 0.833866 0.000000 0.551967 1.000000 1.000000 1.000000
5520.256836 0.000000 3180.850586 0.000000 0.909610 0.000000 0.415462 1.000000 1.000000 1.000000
5521.132812 0.000000 3399.859863 0.000000 0.940676 0.000000 0.339307 1.000000 1.000000 1.000000
5487.577148 0.000000 3445.766357 0.000000 0.854833 0.000000 0.518904 1.000000 1.000000 1.000000
5481.632324 0.000000 3426.666016 0.000000 0.921704 0.000000 0.387895 1.000000 1.000000 1.000000
5473.091309 0.000000 3448.960693 0.000000 0.927582 0.000000 0.373620 1.000000 1.000000 1.000000
5504.387695 0.000000 3437.746094 0.000000 0.867258 0.000000 0.497858 1.000000 1.000000 1.000000
5504.603027 0.000000 3434.603027 0.000000 0.956591 0.000000 0.291435 1.000000 1.000000 1.000000
"}
object={
	name="rock_salt_generator_1_3"
	render_pass=Map
	clamp_to_water_level=no
	generated_content=yes
	layer="tree_high_layer"
	pdxmesh="rock_salt_05_mesh"
	count=14
	transform="5159.793457 0.000000 2386.754150 0.000000 0.994108 0.000000 -0.108397 1.000000 1.000000 1.000000
5146.211914 0.000000 2393.419678 0.000000 0.999106 0.000000 -0.042275 1.000000 1.000000 1.000000
5184.538574 0.000000 2388.926514 0.000000 0.986911 0.000000 0.161268 1.000000 1.000000 1.000000
5189.923828 0.000000 2389.510498 0.000000 0.997923 0.000000 -0.064417 1.000000 1.000000 1.000000
5588.651367 0.000000 2889.431641 0.000000 0.991350 0.000000 0.131243 1.000000 1.000000 1.000000
5648.308105 0.000000 2878.560059 0.000000 0.999601 0.000000 -0.028261 1.000000 1.000000 1.000000
5674.175293 0.000000 2908.756836 0.000000 0.992880 0.000000 0.119116 1.000000 1.000000 1.000000
5712.126953 0.000000 2887.998535 0.000000 0.975190 0.000000 -0.221371 1.000000 1.000000 1.000000
5696.381836 0.000000 2882.673096 0.000000 0.986280 0.000000 0.165083 1.000000 1.000000 1.000000
5420.243164 0.000000 3088.569580 0.000000 0.997516 0.000000 0.070436 1.000000 1.000000 1.000000
5479.754395 0.000000 3426.082275 0.000000 0.999055 0.000000 -0.043469 1.000000 1.000000 1.000000
5480.263184 0.000000 3427.923828 0.000000 0.987493 0.000000 -0.157665 1.000000 1.000000 1.000000
5462.928711 0.000000 3451.354736 0.000000 0.999160 0.000000 0.040982 1.000000 1.000000 1.000000
5514.769043 0.000000 3412.138916 0.000000 0.984114 0.000000 -0.177538 1.000000 1.000000 1.000000
"}
object={
	name="rock_salt_generator_1_4"
	render_pass=Map
	clamp_to_water_level=no
	generated_content=yes
	layer="tree_high_layer"
	pdxmesh="rock_salt_06_mesh"
	count=23
	transform="5178.432129 0.000000 2360.745361 0.000000 0.429998 0.000000 -0.902830 1.000000 1.000000 1.000000
5160.199219 0.000000 2371.511719 0.000000 0.706540 0.000000 -0.707673 1.000000 1.000000 1.000000
5174.916504 0.000000 2381.112305 0.000000 0.670584 0.000000 -0.741834 1.000000 1.000000 1.000000
5162.030762 0.000000 2392.579102 0.000000 0.920281 0.000000 -0.391259 1.000000 1.000000 1.000000
5153.757812 0.000000 2396.182129 0.000000 0.940755 0.000000 -0.339086 1.000000 1.000000 1.000000
5149.510254 0.000000 2399.419678 0.000000 0.896229 0.000000 -0.443591 1.000000 1.000000 1.000000
5152.010254 0.000000 2392.786621 0.000000 0.603723 0.000000 -0.797194 1.000000 1.000000 1.000000
5171.576660 0.000000 2408.419434 0.000000 0.891933 0.000000 -0.452167 1.000000 1.000000 1.000000
5149.754883 0.000000 2392.958252 0.000000 0.833701 0.000000 -0.552217 1.000000 1.000000 1.000000
5174.567383 0.000000 2379.024414 0.000000 0.793417 0.000000 -0.608678 1.000000 1.000000 1.000000
5169.917480 0.000000 2402.448242 0.000000 0.650792 0.000000 -0.759256 1.000000 1.000000 1.000000
5162.700684 0.000000 2394.587891 0.000000 0.880188 0.000000 -0.474626 1.000000 1.000000 1.000000
5148.018555 0.000000 2392.918945 0.000000 0.764700 0.000000 -0.644386 1.000000 1.000000 1.000000
5188.585938 0.000000 2382.461914 0.000000 0.788234 0.000000 -0.615375 1.000000 1.000000 1.000000
5187.585449 0.000000 2388.672607 0.000000 0.442413 0.000000 -0.896811 1.000000 1.000000 1.000000
5623.691406 0.000000 2881.889648 0.000000 0.825125 0.000000 -0.564950 1.000000 1.000000 1.000000
5663.627441 0.000000 2886.254883 0.000000 0.734362 0.000000 -0.678759 1.000000 1.000000 1.000000
5505.282715 0.000000 3194.057617 0.000000 0.444550 0.000000 -0.895754 1.000000 1.000000 1.000000
5521.644043 0.000000 3180.216064 0.000000 0.894449 0.000000 -0.447170 1.000000 1.000000 1.000000
5512.863770 0.000000 3196.686035 0.000000 0.765963 0.000000 -0.642884 1.000000 1.000000 1.000000
5553.937988 0.000000 3235.963867 0.000000 0.862352 0.000000 -0.506309 1.000000 1.000000 1.000000
5512.661133 0.000000 3412.207275 0.000000 0.453329 0.000000 -0.891343 1.000000 1.000000 1.000000
5511.587402 0.000000 3406.835205 0.000000 0.962095 0.000000 -0.272714 1.000000 1.000000 1.000000
"}
object={
	name="rock_salt_generator_1_5"
	render_pass=Map
	clamp_to_water_level=no
	generated_content=yes
	layer="tree_high_layer"
	pdxmesh="rock_salt_07_mesh"
	count=12
	transform="5165.042969 0.000000 2362.982422 0.000000 0.405415 0.000000 -0.914133 1.000000 1.000000 1.000000
5161.895996 0.000000 2396.212402 0.000000 0.353044 0.000000 -0.935607 1.000000 1.000000 1.000000
5162.880371 0.000000 2385.927734 0.000000 0.375183 0.000000 -0.926951 1.000000 1.000000 1.000000
5150.899902 0.000000 2396.846680 0.000000 0.323370 0.000000 -0.946273 1.000000 1.000000 1.000000
5182.593750 0.000000 2363.967773 0.000000 0.308507 0.000000 -0.951222 1.000000 1.000000 1.000000
5149.178223 0.000000 2395.980713 0.000000 0.316197 0.000000 -0.948694 1.000000 1.000000 1.000000
5187.591309 0.000000 2390.843018 0.000000 0.328280 0.000000 -0.944581 1.000000 1.000000 1.000000
5172.254883 0.000000 2409.892822 0.000000 0.118318 0.000000 -0.992976 1.000000 1.000000 1.000000
5599.696777 0.000000 2893.401123 0.000000 0.276193 0.000000 -0.961102 1.000000 1.000000 1.000000
5648.419922 0.000000 2876.993164 0.000000 0.066579 0.000000 -0.997781 1.000000 1.000000 1.000000
5486.145996 0.000000 3444.223633 0.000000 0.052225 0.000000 -0.998635 1.000000 1.000000 1.000000
5473.755859 0.000000 3450.542725 0.000000 0.229245 0.000000 -0.973369 1.000000 1.000000 1.000000
"}
