object={
	name="steppe_bush_02_generator_0"
	render_pass=Map
	clamp_to_water_level=no
	generated_content=yes
	layer="grass_layer"
	pdxmesh="steppe_bush_02_mesh"
	count=887
	transform="3608.860352 0.000000 411.605316 0.000000 0.831635 0.000000 -0.555322 0.599214 0.599214 0.599214
3626.083252 0.000000 412.040375 0.000000 0.619015 0.000000 -0.785379 0.650531 0.650531 0.650531
3642.606445 0.000000 420.551788 0.000000 0.999651 0.000000 0.026427 0.495150 0.495150 0.495150
3616.430908 0.000000 420.690491 0.000000 0.731959 0.000000 -0.681348 0.627257 0.627257 0.627257
3625.178955 0.000000 414.449036 0.000000 0.682759 0.000000 -0.730644 0.639083 0.639083 0.639083
3607.935791 0.000000 409.271118 0.000000 0.778652 0.000000 -0.627456 0.614302 0.614302 0.614302
3643.779297 0.000000 421.936218 0.000000 0.101425 0.000000 -0.994843 0.769592 0.769592 0.769592
3655.410889 0.000000 408.921936 0.000000 0.999036 0.000000 -0.043892 0.507591 0.507591 0.507591
3664.620850 0.000000 416.298950 0.000000 0.240025 0.000000 0.970767 0.273654 0.273654 0.273654
3652.359375 0.000000 409.429718 0.000000 0.264687 0.000000 0.964334 0.271491 0.271491 0.271491
3665.202881 0.000000 418.287659 0.000000 0.995212 0.000000 0.097742 0.482341 0.482341 0.482341
3606.838623 0.000000 437.045105 0.000000 0.165631 0.000000 -0.986188 0.741924 0.741924 0.741924
3635.682861 0.000000 434.518433 0.000000 0.241183 0.000000 0.970480 0.277999 0.277999 0.277999
3632.924561 0.000000 456.741577 0.000000 0.993104 0.000000 0.117235 0.478438 0.478438 0.478438
3604.844727 0.000000 437.713959 0.000000 0.242756 0.000000 0.970087 0.265860 0.265860 0.265860
3635.401123 0.000000 436.659912 0.000000 0.771816 0.000000 0.635845 0.381724 0.381724 0.381724
3648.833740 0.000000 443.014496 0.000000 0.426486 0.000000 0.904494 0.302489 0.302489 0.302489
3658.366455 0.000000 462.066315 0.000000 0.473703 0.000000 0.880685 0.283491 0.283491 0.283491
3656.907715 0.000000 452.126648 0.000000 0.907012 0.000000 -0.421105 0.570535 0.570535 0.570535
3651.665283 0.000000 442.983490 0.000000 0.412163 0.000000 -0.911110 0.691685 0.691685 0.691685
3649.915283 0.000000 440.585907 0.000000 0.373282 0.000000 0.927718 0.299018 0.299018 0.299018
3658.857910 0.000000 451.658630 0.000000 0.999952 0.000000 -0.009812 0.501721 0.501721 0.501721
3658.999512 0.000000 463.752838 0.000000 0.519903 0.000000 0.854226 0.294193 0.294193 0.294193
3676.748047 0.000000 475.515747 0.000000 0.425225 0.000000 -0.905088 0.701285 0.701285 0.701285
2960.706787 0.000000 4101.189941 0.000000 0.201756 0.000000 -0.979436 0.743275 0.743275 0.743275
2960.511230 0.000000 4088.281006 0.000000 0.827129 0.000000 0.562011 0.396074 0.396074 0.396074
2958.537354 0.000000 4100.980469 0.000000 0.999864 0.000000 0.016489 0.497149 0.497149 0.497149
2961.295410 0.000000 4089.993164 0.000000 0.835823 0.000000 -0.548998 0.601201 0.601201 0.601201
2999.813965 0.000000 4120.663086 0.000000 0.484845 0.000000 -0.874600 0.703990 0.703990 0.703990
2960.462646 0.000000 4163.537598 0.000000 0.489424 0.000000 0.872046 0.296353 0.296353 0.296353
3004.424805 0.000000 4187.801270 0.000000 0.990683 0.000000 -0.136190 0.522425 0.522425 0.522425
3006.475830 0.000000 4189.803223 0.000000 0.039019 0.000000 0.999238 0.219882 0.219882 0.219882
2958.193604 0.000000 4163.952148 0.000000 0.946683 0.000000 -0.322167 0.556505 0.556505 0.556505
3006.131348 0.000000 4186.630859 0.000000 0.112974 0.000000 -0.993598 0.755634 0.755634 0.755634
3006.081055 0.000000 4188.275879 0.000000 0.995979 0.000000 -0.089591 0.516406 0.516406 0.516406
2961.732910 0.000000 4162.720703 0.000000 0.164867 0.000000 0.986316 0.229878 0.229878 0.229878
3007.652100 0.000000 4189.360352 0.000000 0.798988 0.000000 -0.601347 0.617987 0.617987 0.617987
2985.476074 0.000000 4233.277344 0.000000 0.995457 0.000000 0.095213 0.482086 0.482086 0.482086
2984.567383 0.000000 4231.041016 0.000000 0.109402 0.000000 -0.993998 0.762648 0.762648 0.762648
3044.389648 0.000000 4227.019531 0.000000 0.780186 0.000000 0.625548 0.363333 0.363333 0.363333
3045.527344 0.000000 4227.457031 0.000000 0.917836 0.000000 0.396961 0.417453 0.417453 0.417453
3127.810303 0.000000 3862.810303 0.000000 0.915992 0.000000 -0.401197 0.565961 0.565961 0.565961
3127.110107 0.000000 3868.238281 0.000000 0.279404 0.000000 0.960174 0.287032 0.287032 0.287032
3125.760742 0.000000 3865.417236 0.000000 0.915903 0.000000 -0.401399 0.568316 0.568316 0.568316
3132.557129 0.000000 3913.811523 0.000000 0.831845 0.000000 -0.555009 0.594744 0.594744 0.594744
3135.054443 0.000000 3912.553955 0.000000 0.960132 0.000000 -0.279546 0.547568 0.547568 0.547568
3194.674072 0.000000 3919.737549 0.000000 0.913643 0.000000 -0.406518 0.568980 0.568980 0.568980
3189.263672 0.000000 3877.130859 0.000000 0.894160 0.000000 0.447748 0.423795 0.423795 0.423795
3190.385254 0.000000 3920.432373 0.000000 0.776424 0.000000 -0.630211 0.611069 0.611069 0.611069
3136.676514 0.000000 3910.167969 0.000000 0.318283 0.000000 0.947996 0.292993 0.292993 0.292993
3192.257080 0.000000 3918.136963 0.000000 0.446397 0.000000 -0.894835 0.690185 0.690185 0.690185
3188.497070 0.000000 3874.400635 0.000000 0.752416 0.000000 0.658688 0.377029 0.377029 0.377029
3135.624268 0.000000 3912.563477 0.000000 0.998308 0.000000 -0.058143 0.509767 0.509767 0.509767
3170.069336 0.000000 3943.049561 0.000000 0.931589 0.000000 -0.363512 0.561533 0.561533 0.561533
3148.037109 0.000000 3936.032227 0.000000 0.986168 0.000000 -0.165749 0.528892 0.528892 0.528892
3191.988037 0.000000 3921.217773 0.000000 0.064239 0.000000 -0.997935 0.745411 0.745411 0.745411
3174.062988 0.000000 3942.909424 0.000000 0.572621 0.000000 0.819820 0.338639 0.338639 0.338639
3149.238037 0.000000 3938.484375 0.000000 0.551976 0.000000 -0.833860 0.664938 0.664938 0.664938
3238.881836 0.000000 3909.658447 0.000000 0.025584 0.000000 0.999673 0.244428 0.244428 0.244428
3225.382568 0.000000 3883.043457 0.000000 0.986518 0.000000 -0.163655 0.526882 0.526882 0.526882
3241.225830 0.000000 3910.371094 0.000000 0.738527 0.000000 0.674224 0.375312 0.375312 0.375312
3206.155029 0.000000 3926.633057 0.000000 0.594457 0.000000 -0.804128 0.654514 0.654514 0.654514
3208.068115 0.000000 3929.639648 0.000000 0.870591 0.000000 -0.492007 0.586042 0.586042 0.586042
3205.168457 0.000000 3929.822266 0.000000 0.822169 0.000000 -0.569244 0.600162 0.600162 0.600162
3264.799561 0.000000 3968.052246 0.000000 0.999076 0.000000 -0.042978 0.506896 0.506896 0.506896
3293.277344 0.000000 3930.941162 0.000000 0.994775 0.000000 0.102092 0.483404 0.483404 0.483404
3295.963867 0.000000 3929.197266 0.000000 0.459121 0.000000 0.888374 0.314312 0.314312 0.314312
3335.449951 0.000000 3904.843994 0.000000 0.861117 0.000000 -0.508406 0.585881 0.585881 0.585881
3336.512451 0.000000 3907.030273 0.000000 0.372623 0.000000 -0.927983 0.704071 0.704071 0.704071
3428.574463 0.000000 3950.330078 0.000000 0.423647 0.000000 -0.905827 0.686741 0.686741 0.686741
3424.220947 0.000000 3951.778809 0.000000 0.359796 0.000000 0.933031 0.298067 0.298067 0.298067
3467.998047 0.000000 3936.032227 0.000000 0.352827 0.000000 0.935689 0.297570 0.297570 0.297570
3466.450684 0.000000 3934.121582 0.000000 0.521774 0.000000 -0.853084 0.674115 0.674115 0.674115
3129.002686 0.000000 4000.765869 0.000000 0.795451 0.000000 0.606018 0.375253 0.375253 0.375253
3130.681885 0.000000 4061.464111 0.000000 0.778270 0.000000 -0.627930 0.689827 0.689827 0.689827
3112.043213 0.000000 4040.230713 0.000000 0.767867 0.000000 0.640609 0.385435 0.385435 0.385435
3115.130127 0.000000 4039.404297 0.000000 0.539715 0.000000 -0.841848 0.742334 0.742334 0.742334
3115.150391 0.000000 4040.601318 0.000000 0.073595 0.000000 -0.997288 0.834521 0.834521 0.834521
3114.263184 0.000000 4038.128174 0.000000 0.879064 0.000000 -0.476703 0.620332 0.620332 0.620332
3131.614258 0.000000 4060.712158 0.000000 0.728984 0.000000 0.684531 0.289183 0.289183 0.289183
3135.214844 0.000000 4036.764160 0.000000 0.515138 0.000000 -0.857107 0.759622 0.759622 0.759622
3134.037109 0.000000 4037.241211 0.000000 0.033758 0.000000 0.999430 0.112435 0.112435 0.112435
3114.181152 0.000000 4039.796875 0.000000 0.511798 0.000000 -0.859106 0.750282 0.750282 0.750282
3115.770996 0.000000 4038.587891 0.000000 0.315154 0.000000 0.949041 0.197251 0.197251 0.197251
3114.681641 0.000000 4041.460205 0.000000 0.820517 0.000000 0.571623 0.364040 0.364040 0.364040
3131.747803 0.000000 4061.672119 0.000000 0.707173 0.000000 -0.707041 0.719582 0.719582 0.719582
3130.872559 0.000000 4060.164307 0.000000 0.813499 0.000000 -0.581567 0.673543 0.673543 0.673543
3135.656494 0.000000 4037.718994 0.000000 0.931969 0.000000 0.362538 0.406454 0.406454 0.406454
3135.745850 0.000000 4036.700439 0.000000 0.284660 0.000000 0.958629 0.176705 0.176705 0.176705
3258.666260 0.000000 4014.221924 0.000000 0.999708 0.000000 0.024184 0.495909 0.495909 0.495909
3260.987549 0.000000 3968.546631 0.000000 0.649083 0.000000 0.760718 0.357028 0.357028 0.357028
3261.683838 0.000000 3972.502197 0.000000 0.767077 0.000000 0.641555 0.386102 0.386102 0.386102
3262.827881 0.000000 3970.202148 0.000000 0.078926 0.000000 -0.996880 0.752323 0.752323 0.752323
3263.900879 0.000000 3972.398193 0.000000 0.983067 0.000000 0.183245 0.469980 0.469980 0.469980
3274.413330 0.000000 4005.230713 0.000000 0.772671 0.000000 -0.634807 0.609889 0.609889 0.609889
3280.667725 0.000000 4006.705322 0.000000 0.423047 0.000000 0.906108 0.315981 0.315981 0.315981
3324.533691 0.000000 4008.295898 0.000000 0.943133 0.000000 0.332414 0.445222 0.445222 0.445222
3276.930908 0.000000 4008.207275 0.000000 0.034972 0.000000 -0.999388 0.754018 0.754018 0.754018
3260.987549 0.000000 4015.788818 0.000000 0.165383 0.000000 -0.986229 0.736707 0.736707 0.736707
3259.281982 0.000000 4049.910645 0.000000 0.205150 0.000000 0.978731 0.255638 0.255638 0.255638
3208.744629 0.000000 4030.308105 0.000000 0.554311 0.000000 -0.832310 0.719087 0.719087 0.719087
3210.325684 0.000000 4031.610840 0.000000 0.099510 0.000000 0.995037 0.118036 0.118036 0.118036
3260.337891 0.000000 4048.079102 0.000000 0.576680 0.000000 -0.816970 0.681415 0.681415 0.681415
3261.360107 0.000000 4049.943848 0.000000 0.814058 0.000000 0.580784 0.382421 0.382421 0.382421
3241.362061 0.000000 4039.069824 0.000000 0.931150 0.000000 0.364635 0.387250 0.387250 0.387250
3259.749756 0.000000 4051.388672 0.000000 0.357365 0.000000 0.933965 0.256253 0.256253 0.256253
3261.584961 0.000000 4051.382568 0.000000 0.313050 0.000000 0.949736 0.219382 0.219382 0.219382
3210.403809 0.000000 4030.022949 0.000000 0.117379 0.000000 0.993087 0.122704 0.122704 0.122704
3208.952881 0.000000 4031.897705 0.000000 0.943995 0.000000 -0.329959 0.574924 0.574924 0.574924
3258.555176 0.000000 4050.989502 0.000000 0.414897 0.000000 -0.909868 0.731131 0.731131 0.731131
3260.290039 0.000000 4050.390869 0.000000 0.504389 0.000000 0.863477 0.266497 0.266497 0.266497
3240.747070 0.000000 4038.151123 0.000000 0.404196 0.000000 0.914672 0.151187 0.151187 0.151187
3211.039062 0.000000 4030.864014 0.000000 0.064760 0.000000 0.997901 0.108983 0.108983 0.108983
3240.340576 0.000000 4039.250244 0.000000 0.358546 0.000000 -0.933512 0.863733 0.863733 0.863733
3209.483887 0.000000 4031.005371 0.000000 0.980213 0.000000 -0.197944 0.544398 0.544398 0.544398
3208.258789 0.000000 4031.178467 0.000000 0.539234 0.000000 -0.842156 0.723100 0.723100 0.723100
3260.662109 0.000000 4051.617920 0.000000 0.573546 0.000000 0.819174 0.284904 0.284904 0.284904
3211.298340 0.000000 4030.031982 0.000000 0.491849 0.000000 0.870680 0.225667 0.225667 0.225667
3284.976074 0.000000 4053.659424 0.000000 0.911536 0.000000 0.411220 0.394992 0.394992 0.394992
3322.355469 0.000000 4037.470703 0.000000 0.997554 0.000000 -0.069898 0.515194 0.515194 0.515194
3321.507812 0.000000 4039.903076 0.000000 0.564953 0.000000 -0.825123 0.676857 0.676857 0.676857
3323.748535 0.000000 4039.344727 0.000000 0.015967 0.000000 -0.999873 0.788217 0.788217 0.788217
3323.996582 0.000000 4036.044189 0.000000 0.611037 0.000000 0.791602 0.301604 0.301604 0.301604
3320.683105 0.000000 4036.049561 0.000000 0.171411 0.000000 -0.985200 0.795905 0.795905 0.795905
3284.902832 0.000000 4050.237305 0.000000 0.970483 0.000000 -0.241170 0.555792 0.555792 0.555792
3285.067383 0.000000 4051.934570 0.000000 0.998717 0.000000 0.050642 0.488395 0.488395 0.488395
3323.717773 0.000000 4037.990479 0.000000 0.348202 0.000000 0.937420 0.236071 0.236071 0.236071
3322.661621 0.000000 4036.004150 0.000000 0.698760 0.000000 0.715356 0.326863 0.326863 0.326863
3321.194824 0.000000 4037.138184 0.000000 0.938692 0.000000 0.344758 0.425527 0.425527 0.425527
3323.303955 0.000000 4036.948242 0.000000 0.233387 0.000000 -0.972384 0.790013 0.790013 0.790013
3285.480225 0.000000 4051.053955 0.000000 0.595810 0.000000 -0.803125 0.713602 0.713602 0.713602
3284.445557 0.000000 4051.163818 0.000000 0.999997 0.000000 -0.002525 0.500578 0.500578 0.500578
3284.723389 0.000000 4052.784180 0.000000 0.434534 0.000000 -0.900656 0.777833 0.777833 0.777833
3285.788818 0.000000 4050.234131 0.000000 0.319284 0.000000 0.947659 0.214634 0.214634 0.214634
3127.810303 0.000000 4099.020996 0.000000 0.454008 0.000000 0.890998 0.311278 0.311278 0.311278
3123.147217 0.000000 4093.766846 0.000000 0.898297 0.000000 0.439388 0.425326 0.425326 0.425326
3101.760010 0.000000 4100.138184 0.000000 0.176205 0.000000 -0.984353 0.760082 0.760082 0.760082
3128.952637 0.000000 4096.748535 0.000000 0.960631 0.000000 -0.277827 0.548673 0.548673 0.548673
3122.991943 0.000000 4095.976807 0.000000 0.501449 0.000000 0.865187 0.280091 0.280091 0.280091
3101.076660 0.000000 4102.540039 0.000000 0.990333 0.000000 -0.138707 0.526229 0.526229 0.526229
3129.204346 0.000000 4098.268066 0.000000 0.757177 0.000000 0.653210 0.363165 0.363165 0.363165
3100.564209 0.000000 4103.882812 0.000000 0.196387 0.000000 -0.980526 0.758819 0.758819 0.758819
3122.203369 0.000000 4094.926025 0.000000 0.590767 0.000000 -0.806842 0.697459 0.697459 0.697459
3184.578369 0.000000 4104.119629 0.000000 0.874652 0.000000 0.484752 0.396081 0.396081 0.396081
3182.427002 0.000000 4105.614258 0.000000 0.192804 0.000000 -0.981237 0.731151 0.731151 0.731151
3184.668701 0.000000 4105.806152 0.000000 0.531340 0.000000 0.847159 0.292479 0.292479 0.292479
3189.162842 0.000000 4075.202637 0.000000 0.718179 0.000000 0.695859 0.271836 0.271836 0.271836
3185.736572 0.000000 4104.183594 0.000000 0.554697 0.000000 -0.832052 0.701809 0.701809 0.701809
3188.047607 0.000000 4075.151855 0.000000 0.973431 0.000000 -0.228982 0.568493 0.568493 0.568493
3188.342529 0.000000 4074.280518 0.000000 0.062082 0.000000 0.998071 0.052731 0.052731 0.052731
3189.730957 0.000000 4074.506592 0.000000 0.984171 0.000000 -0.177220 0.552819 0.552819 0.552819
3119.989014 0.000000 4114.264648 0.000000 0.992773 0.000000 -0.120004 0.523425 0.523425 0.523425
3118.161133 0.000000 4112.313477 0.000000 0.084163 0.000000 -0.996452 0.775557 0.775557 0.775557
3118.542480 0.000000 4114.862305 0.000000 0.925766 0.000000 -0.378097 0.575505 0.575505 0.575505
3170.753662 0.000000 4119.761719 0.000000 0.864712 0.000000 0.502269 0.414936 0.414936 0.414936
3136.604736 0.000000 4118.155273 0.000000 0.681001 0.000000 0.732282 0.349740 0.349740 0.349740
3168.815186 0.000000 4120.030273 0.000000 0.767179 0.000000 -0.641433 0.636473 0.636473 0.636473
3171.750488 0.000000 4121.376465 0.000000 0.476646 0.000000 -0.879095 0.697738 0.697738 0.697738
3169.875977 0.000000 4121.542969 0.000000 0.686138 0.000000 0.727471 0.340350 0.340350 0.340350
3209.724854 0.000000 4102.077148 0.000000 0.261414 0.000000 -0.965227 0.725842 0.725842 0.725842
3211.188477 0.000000 4103.078125 0.000000 0.763573 0.000000 0.645721 0.324751 0.324751 0.324751
3211.054199 0.000000 4101.401367 0.000000 0.726205 0.000000 -0.687478 0.656597 0.656597 0.656597
3210.579346 0.000000 4102.390625 0.000000 0.332315 0.000000 -0.943168 0.807584 0.807584 0.807584
3304.425537 0.000000 4072.230469 0.000000 0.970508 0.000000 0.241069 0.446055 0.446055 0.446055
3305.247803 0.000000 4075.777344 0.000000 0.876712 0.000000 0.481016 0.392572 0.392572 0.392572
3316.429688 0.000000 4099.824707 0.000000 0.663993 0.000000 -0.747738 0.732485 0.732485 0.732485
3282.720947 0.000000 4096.181641 0.000000 0.587359 0.000000 0.809326 0.255746 0.255746 0.255746
3303.136719 0.000000 4075.420166 0.000000 0.997880 0.000000 -0.065080 0.511666 0.511666 0.511666
3317.954102 0.000000 4098.371094 0.000000 0.113968 0.000000 0.993484 0.099084 0.099084 0.099084
3304.134277 0.000000 4073.949951 0.000000 0.484751 0.000000 -0.874652 0.735908 0.735908 0.735908
3302.647461 0.000000 4072.379639 0.000000 0.219835 0.000000 0.975537 0.254962 0.254962 0.254962
3283.271240 0.000000 4094.746094 0.000000 0.523637 0.000000 -0.851941 0.720838 0.720838 0.720838
3282.174316 0.000000 4097.518066 0.000000 0.496272 0.000000 -0.868167 0.772355 0.772355 0.772355
3283.920166 0.000000 4096.627441 0.000000 0.823777 0.000000 0.566915 0.343876 0.343876 0.343876
3305.120361 0.000000 4074.589844 0.000000 0.366516 0.000000 -0.930412 0.755939 0.755939 0.755939
3305.057861 0.000000 4073.195801 0.000000 0.968982 0.000000 -0.247131 0.555330 0.555330 0.555330
3316.837646 0.000000 4098.645020 0.000000 0.997789 0.000000 -0.066458 0.518306 0.518306 0.518306
3304.175781 0.000000 4075.052734 0.000000 0.985369 0.000000 -0.170432 0.536665 0.536665 0.536665
3282.250000 0.000000 4094.893555 0.000000 0.510339 0.000000 -0.859974 0.724203 0.724203 0.724203
3283.239746 0.000000 4097.352539 0.000000 0.806311 0.000000 -0.591492 0.663934 0.663934 0.663934
3317.386475 0.000000 4099.469238 0.000000 0.183276 0.000000 0.983062 0.118379 0.118379 0.118379
3283.601562 0.000000 4095.682861 0.000000 0.761910 0.000000 0.647683 0.347414 0.347414 0.347414
3227.861572 0.000000 4123.751953 0.000000 0.802957 0.000000 -0.596038 0.684129 0.684129 0.684129
3262.270752 0.000000 4130.661621 0.000000 0.462830 0.000000 0.886447 0.247695 0.247695 0.247695
3260.004395 0.000000 4130.528809 0.000000 0.845198 0.000000 0.534454 0.375066 0.375066 0.375066
3227.847412 0.000000 4121.564453 0.000000 0.925731 0.000000 -0.378182 0.566809 0.566809 0.566809
3226.345703 0.000000 4123.425781 0.000000 0.716847 0.000000 -0.697231 0.722471 0.722471 0.722471
3261.125244 0.000000 4130.971680 0.000000 0.488247 0.000000 0.872705 0.264979 0.264979 0.264979
3227.206543 0.000000 4122.556152 0.000000 0.304791 0.000000 0.952419 0.136367 0.136367 0.136367
3263.199219 0.000000 4131.249023 0.000000 0.906365 0.000000 0.422496 0.398996 0.398996 0.398996
3262.021484 0.000000 4131.725586 0.000000 0.971781 0.000000 -0.235887 0.555140 0.555140 0.555140
3260.290771 0.000000 4131.606934 0.000000 0.604814 0.000000 -0.796367 0.704123 0.704123 0.704123
3226.332764 0.000000 4122.618164 0.000000 0.853705 0.000000 -0.520757 0.657941 0.657941 0.657941
3263.685059 0.000000 4130.179199 0.000000 0.893637 0.000000 -0.448790 0.607768 0.607768 0.607768
3263.730225 0.000000 4131.185059 0.000000 0.439321 0.000000 -0.898330 0.758404 0.758404 0.758404
3353.361572 0.000000 3973.906250 0.000000 0.868636 0.000000 0.495450 0.415560 0.415560 0.415560
3327.596924 0.000000 4010.712891 0.000000 0.816118 0.000000 -0.577886 0.603829 0.603829 0.603829
3331.234619 0.000000 4010.736572 0.000000 0.971382 0.000000 -0.237524 0.539365 0.539365 0.539365
3350.541504 0.000000 3973.606689 0.000000 0.652278 0.000000 0.757980 0.357187 0.357187 0.357187
3338.405518 0.000000 4052.472900 0.000000 0.529596 0.000000 0.848250 0.293321 0.293321 0.293321
3341.758301 0.000000 4051.820068 0.000000 0.372399 0.000000 -0.928073 0.713761 0.713761 0.713761
3376.550049 0.000000 4040.932861 0.000000 0.938209 0.000000 0.346070 0.419497 0.419497 0.419497
3339.845459 0.000000 4050.868896 0.000000 0.847065 0.000000 0.531490 0.404521 0.404521 0.404521
3340.289307 0.000000 4053.340088 0.000000 0.747306 0.000000 0.664480 0.323541 0.323541 0.323541
3376.370605 0.000000 4038.762939 0.000000 0.748776 0.000000 -0.662823 0.656927 0.656927 0.656927
3377.684570 0.000000 4041.591064 0.000000 0.059346 0.000000 0.998237 0.155684 0.155684 0.155684
3377.160889 0.000000 4039.832031 0.000000 0.517967 0.000000 0.855400 0.277723 0.277723 0.277723
3340.527100 0.000000 4052.059326 0.000000 0.558827 0.000000 -0.829284 0.737405 0.737405 0.737405
3341.549072 0.000000 4052.998291 0.000000 0.405187 0.000000 -0.914234 0.780085 0.780085 0.780085
3377.340820 0.000000 4038.601562 0.000000 0.842833 0.000000 0.538175 0.376926 0.376926 0.376926
3377.569092 0.000000 4040.664062 0.000000 0.956810 0.000000 0.290715 0.432802 0.432802 0.432802
3440.820068 0.000000 4049.316162 0.000000 0.998551 0.000000 -0.053817 0.512333 0.512333 0.512333
3404.281494 0.000000 4053.340088 0.000000 0.491100 0.000000 -0.871103 0.719117 0.719117 0.719117
3406.482666 0.000000 4053.738281 0.000000 0.867302 0.000000 -0.497783 0.629755 0.629755 0.629755
3442.952881 0.000000 4048.734619 0.000000 0.491775 0.000000 0.870723 0.252685 0.252685 0.252685
3455.320557 0.000000 4059.452148 0.000000 0.407380 0.000000 -0.913259 0.711962 0.711962 0.711962
3404.519287 0.000000 4052.059326 0.000000 0.755341 0.000000 -0.655332 0.648079 0.648079 0.648079
3406.812012 0.000000 4052.531982 0.000000 0.868880 0.000000 -0.495023 0.628963 0.628963 0.628963
3405.541260 0.000000 4052.998291 0.000000 0.465395 0.000000 -0.885103 0.725182 0.725182 0.725182
3407.659180 0.000000 4053.334717 0.000000 0.855199 0.000000 0.518300 0.364313 0.364313 0.364313
3441.923584 0.000000 4049.222412 0.000000 0.305141 0.000000 0.952307 0.211224 0.211224 0.211224
3441.076660 0.000000 4048.246094 0.000000 0.998947 0.000000 -0.045887 0.510514 0.510514 0.510514
3443.187744 0.000000 4049.788330 0.000000 0.970108 0.000000 0.242673 0.442629 0.442629 0.442629
3443.802490 0.000000 4049.096191 0.000000 0.429949 0.000000 -0.902853 0.763626 0.763626 0.763626
3472.400146 0.000000 4021.811035 0.000000 0.401201 0.000000 0.915990 0.313535 0.313535 0.313535
3455.581299 0.000000 4057.955078 0.000000 0.965208 0.000000 -0.261482 0.544748 0.544748 0.544748
3467.619873 0.000000 4021.890625 0.000000 0.350590 0.000000 0.936529 0.300955 0.300955 0.300955
3469.520264 0.000000 4019.515381 0.000000 0.026559 0.000000 -0.999647 0.758302 0.758302 0.758302
3457.477295 0.000000 4056.671387 0.000000 0.010620 0.000000 0.999944 0.196186 0.196186 0.196186
3456.773682 0.000000 4058.693115 0.000000 0.099346 0.000000 0.995053 0.129013 0.129013 0.129013
3457.954346 0.000000 4059.300049 0.000000 0.398831 0.000000 0.917024 0.207365 0.207365 0.207365
3361.380615 0.000000 4102.830566 0.000000 0.842755 0.000000 0.538297 0.388603 0.388603 0.388603
3368.474365 0.000000 4078.771484 0.000000 0.569721 0.000000 -0.821838 0.728783 0.728783 0.728783
3360.462158 0.000000 4105.581543 0.000000 0.036124 0.000000 -0.999347 0.864938 0.864938 0.864938
3370.897705 0.000000 4078.819824 0.000000 0.456437 0.000000 -0.889756 0.747126 0.747126 0.747126
3358.936523 0.000000 4102.173340 0.000000 0.300167 0.000000 -0.953887 0.719651 0.719651 0.719651
3352.878174 0.000000 4082.779785 0.000000 0.159174 0.000000 0.987251 0.177693 0.177693 0.177693
3361.849854 0.000000 4104.498535 0.000000 0.902321 0.000000 -0.431065 0.605979 0.605979 0.605979
3333.532471 0.000000 4066.833984 0.000000 0.686501 0.000000 -0.727129 0.744410 0.744410 0.744410
3359.017578 0.000000 4105.263672 0.000000 0.982845 0.000000 0.184434 0.464920 0.464920 0.464920
3352.398682 0.000000 4080.290527 0.000000 0.852468 0.000000 -0.522780 0.630814 0.630814 0.630814
3332.552002 0.000000 4066.014160 0.000000 0.362002 0.000000 0.932177 0.139634 0.139634 0.139634
3353.131592 0.000000 4081.313721 0.000000 0.729507 0.000000 -0.683973 0.679107 0.679107 0.679107
3371.893555 0.000000 4079.577637 0.000000 0.466937 0.000000 0.884291 0.255541 0.255541 0.255541
3369.703125 0.000000 4078.592773 0.000000 0.771918 0.000000 0.635723 0.336602 0.336602 0.336602
3353.585449 0.000000 4083.674072 0.000000 0.564768 0.000000 -0.825250 0.721728 0.721728 0.721728
3361.558350 0.000000 4105.540039 0.000000 0.126766 0.000000 -0.991933 0.843304 0.843304 0.843304
3370.323975 0.000000 4079.759521 0.000000 0.919704 0.000000 0.392612 0.409093 0.409093 0.409093
3352.521729 0.000000 4083.805176 0.000000 0.899278 0.000000 0.437378 0.396592 0.396592 0.396592
3353.878906 0.000000 4082.683350 0.000000 0.122404 0.000000 0.992480 0.169208 0.169208 0.169208
3352.414795 0.000000 4081.935791 0.000000 0.984020 0.000000 -0.178058 0.542569 0.542569 0.542569
3360.890625 0.000000 4104.731445 0.000000 0.701713 0.000000 -0.712460 0.688572 0.688572 0.688572
3332.897705 0.000000 4067.463135 0.000000 0.565999 0.000000 0.824406 0.209051 0.209051 0.209051
3333.966064 0.000000 4067.554932 0.000000 0.154807 0.000000 -0.987945 0.924906 0.924906 0.924906
3369.150146 0.000000 4079.255371 0.000000 0.856095 0.000000 -0.516819 0.628815 0.628815 0.628815
3332.006592 0.000000 4066.657227 0.000000 0.978571 0.000000 -0.205908 0.562261 0.562261 0.562261
3438.164062 0.000000 4089.088135 0.000000 0.039050 0.000000 0.999237 0.177824 0.177824 0.177824
3392.603516 0.000000 4085.749512 0.000000 0.025530 0.000000 -0.999674 0.836595 0.836595 0.836595
3410.796631 0.000000 4091.031006 0.000000 0.934991 0.000000 -0.354671 0.598888 0.598888 0.598888
3440.542236 0.000000 4088.175049 0.000000 0.326892 0.000000 0.945062 0.212613 0.212613 0.212613
3392.639648 0.000000 4084.204346 0.000000 0.519266 0.000000 -0.854613 0.723227 0.723227 0.723227
3392.945068 0.000000 4082.232178 0.000000 0.976053 0.000000 0.217534 0.449360 0.449360 0.449360
3439.723145 0.000000 4089.289307 0.000000 0.261612 0.000000 0.965173 0.225282 0.225282 0.225282
3441.676758 0.000000 4088.833252 0.000000 0.941163 0.000000 0.337954 0.419958 0.419958 0.419958
3440.895996 0.000000 4089.802002 0.000000 0.622472 0.000000 0.782642 0.291294 0.291294 0.291294
3393.460938 0.000000 4084.979736 0.000000 0.733981 0.000000 -0.679170 0.662634 0.662634 0.662634
3392.631592 0.000000 4083.211182 0.000000 0.341302 0.000000 0.939954 0.217688 0.217688 0.217688
3410.156250 0.000000 4090.289062 0.000000 0.994181 0.000000 0.107718 0.470563 0.470563 0.470563
3393.850830 0.000000 4082.508057 0.000000 0.417369 0.000000 -0.908737 0.763318 0.763318 0.763318
3410.341553 0.000000 4091.977539 0.000000 0.539083 0.000000 -0.842253 0.773143 0.773143 0.773143
3411.703613 0.000000 4091.159180 0.000000 0.559216 0.000000 -0.829022 0.766572 0.766572 0.766572
3411.134277 0.000000 4090.223389 0.000000 0.919342 0.000000 0.393460 0.389703 0.389703 0.389703
3352.878174 0.000000 4130.022461 0.000000 0.054525 0.000000 -0.998512 0.835952 0.835952 0.835952
3353.131592 0.000000 4128.556152 0.000000 0.354604 0.000000 0.935017 0.195324 0.195324 0.195324
3353.585449 0.000000 4130.916504 0.000000 0.992090 0.000000 -0.125527 0.527886 0.527886 0.527886
3352.521729 0.000000 4131.047852 0.000000 0.065002 0.000000 0.997885 0.166373 0.166373 0.166373
3353.878906 0.000000 4129.925781 0.000000 0.817400 0.000000 -0.576070 0.654799 0.654799 0.654799
3352.414795 0.000000 4129.178223 0.000000 0.592276 0.000000 -0.805735 0.736244 0.736244 0.736244
3113.271240 0.000000 4217.503906 0.000000 0.555798 0.000000 0.831317 0.330930 0.330930 0.330930
3111.160156 0.000000 4217.146973 0.000000 0.143958 0.000000 -0.989584 0.771520 0.771520 0.771520
3270.915527 0.000000 4196.927246 0.000000 0.031837 0.000000 0.999493 0.136924 0.136924 0.136924
3314.145264 0.000000 4184.554199 0.000000 0.089709 0.000000 0.995968 0.157999 0.157999 0.157999
3268.980713 0.000000 4194.469238 0.000000 0.600793 0.000000 -0.799405 0.663614 0.663614 0.663614
3268.714600 0.000000 4197.872559 0.000000 0.705816 0.000000 0.708395 0.314767 0.314767 0.314767
3313.519775 0.000000 4186.789062 0.000000 0.672606 0.000000 0.740001 0.353374 0.353374 0.353374
3315.577393 0.000000 4186.127441 0.000000 0.999924 0.000000 -0.012361 0.502361 0.502361 0.502361
3269.266602 0.000000 4196.255371 0.000000 0.102514 0.000000 -0.994732 0.845444 0.845444 0.845444
3313.226318 0.000000 4185.487793 0.000000 0.999996 0.000000 0.002687 0.499468 0.499468 0.499468
3312.911621 0.000000 4184.286621 0.000000 0.291867 0.000000 0.956459 0.247815 0.247815 0.247815
3314.448486 0.000000 4185.727539 0.000000 0.039343 0.000000 0.999226 0.146343 0.146343 0.146343
3269.764160 0.000000 4197.321289 0.000000 0.241176 0.000000 -0.970481 0.812294 0.812294 0.812294
3315.163330 0.000000 4184.939941 0.000000 0.557509 0.000000 -0.830171 0.726177 0.726177 0.726177
3271.583008 0.000000 4197.650879 0.000000 0.267389 0.000000 -0.963589 0.806728 0.806728 0.806728
3270.250488 0.000000 4196.313477 0.000000 0.150270 0.000000 -0.988645 0.835001 0.835001 0.835001
3268.706543 0.000000 4196.967773 0.000000 0.602864 0.000000 -0.797844 0.717349 0.717349 0.717349
3268.308594 0.000000 4196.160645 0.000000 0.503896 0.000000 0.863765 0.254655 0.254655 0.254655
3271.752441 0.000000 4196.835938 0.000000 0.820059 0.000000 0.572280 0.356256 0.356256 0.356256
3318.723877 0.000000 4229.652344 0.000000 0.998730 0.000000 0.050383 0.491475 0.491475 0.491475
3301.052734 0.000000 4210.069824 0.000000 0.414529 0.000000 -0.910036 0.699100 0.699100 0.699100
3303.036133 0.000000 4208.034668 0.000000 0.710510 0.000000 -0.703687 0.685130 0.685130 0.685130
3321.507812 0.000000 4228.872070 0.000000 0.353947 0.000000 -0.935265 0.741468 0.741468 0.741468
3301.208496 0.000000 4208.256836 0.000000 0.248353 0.000000 -0.968670 0.760304 0.760304 0.760304
3302.699463 0.000000 4209.658691 0.000000 0.952426 0.000000 -0.304771 0.573452 0.573452 0.573452
3302.146729 0.000000 4211.135742 0.000000 0.233828 0.000000 0.972278 0.245075 0.245075 0.245075
3303.944824 0.000000 4209.151367 0.000000 0.621849 0.000000 -0.783137 0.713382 0.713382 0.713382
3302.127930 0.000000 4208.769043 0.000000 0.952823 0.000000 0.303525 0.426858 0.426858 0.426858
3303.123047 0.000000 4208.893555 0.000000 0.369865 0.000000 0.929086 0.217307 0.217307 0.217307
3303.487793 0.000000 4209.995605 0.000000 0.837828 0.000000 -0.545935 0.636968 0.636968 0.636968
3321.157471 0.000000 4230.409668 0.000000 0.986264 0.000000 -0.165179 0.540910 0.540910 0.540910
3128.952637 0.000000 4285.717773 0.000000 0.557006 0.000000 -0.830508 0.666985 0.666985 0.666985
3130.278320 0.000000 4285.155273 0.000000 0.299103 0.000000 0.954221 0.253268 0.253268 0.253268
3174.889648 0.000000 4334.838379 0.000000 0.777226 0.000000 -0.629222 0.630400 0.630400 0.630400
3175.145264 0.000000 4337.327148 0.000000 0.330508 0.000000 0.943803 0.289747 0.289747 0.289747
3314.864502 0.000000 4257.721191 0.000000 0.644691 0.000000 0.764444 0.342498 0.342498 0.342498
3314.021240 0.000000 4259.635254 0.000000 0.358398 0.000000 -0.933569 0.720223 0.720223 0.720223
3313.016357 0.000000 4257.878418 0.000000 0.990360 0.000000 0.138521 0.470337 0.470337 0.470337
3315.859131 0.000000 4256.278320 0.000000 0.356012 0.000000 0.934481 0.281570 0.281570 0.281570
3313.595703 0.000000 4256.291504 0.000000 0.990537 0.000000 0.137244 0.470612 0.470612 0.470612
3315.613037 0.000000 4259.072266 0.000000 0.969204 0.000000 -0.246258 0.545502 0.545502 0.545502
3312.691895 0.000000 4259.159180 0.000000 0.481049 0.000000 0.876694 0.266491 0.266491 0.266491
3313.946533 0.000000 4257.250000 0.000000 0.056091 0.000000 -0.998426 0.823315 0.823315 0.823315
3312.112793 0.000000 4258.354492 0.000000 0.954630 0.000000 -0.297794 0.566054 0.566054 0.566054
3331.234619 0.000000 4246.947754 0.000000 0.772497 0.000000 0.635019 0.325223 0.325223 0.325223
3331.718018 0.000000 4249.992188 0.000000 0.769677 0.000000 -0.638433 0.654292 0.654292 0.654292
3372.003418 0.000000 4247.597168 0.000000 0.763336 0.000000 -0.646002 0.653862 0.653862 0.653862
3343.936279 0.000000 4218.797852 0.000000 0.964230 0.000000 -0.265067 0.552241 0.552241 0.552241
3342.251465 0.000000 4220.103516 0.000000 0.107953 0.000000 -0.994156 0.889801 0.889801 0.889801
3370.310059 0.000000 4249.457520 0.000000 0.462570 0.000000 0.886583 0.307489 0.307489 0.307489
3372.648193 0.000000 4249.059082 0.000000 0.171342 0.000000 0.985212 0.172655 0.172655 0.172655
3330.812256 0.000000 4248.639648 0.000000 0.278003 0.000000 -0.960580 0.787229 0.787229 0.787229
3372.426270 0.000000 4246.148438 0.000000 0.013593 0.000000 0.999908 0.158860 0.158860 0.158860
3373.883545 0.000000 4248.518555 0.000000 0.956697 0.000000 -0.291085 0.569130 0.569130 0.569130
3342.749268 0.000000 4218.202148 0.000000 0.255342 0.000000 -0.966851 0.755603 0.755603 0.755603
3342.970459 0.000000 4221.168945 0.000000 0.518343 0.000000 0.855173 0.226595 0.226595 0.226595
3373.185059 0.000000 4247.225586 0.000000 0.526289 0.000000 -0.850306 0.722701 0.722701 0.722701
3373.705811 0.000000 4246.202148 0.000000 0.276530 0.000000 -0.961005 0.782738 0.782738 0.782738
3330.199951 0.000000 4246.457520 0.000000 0.990116 0.000000 0.140252 0.464255 0.464255 0.464255
3331.527344 0.000000 4247.917480 0.000000 0.987059 0.000000 0.160359 0.459088 0.459088 0.459088
3330.171143 0.000000 4249.552734 0.000000 0.672973 0.000000 0.739667 0.314488 0.314488 0.314488
3331.790039 0.000000 4248.962402 0.000000 0.945187 0.000000 -0.326528 0.574115 0.574115 0.574115
3372.901611 0.000000 4248.123047 0.000000 0.924416 0.000000 0.381385 0.408417 0.408417 0.408417
3343.805664 0.000000 4220.750488 0.000000 0.476156 0.000000 -0.879361 0.786366 0.786366 0.786366
3330.672607 0.000000 4247.664062 0.000000 0.116884 0.000000 -0.993146 0.869260 0.869260 0.869260
3331.074951 0.000000 4246.093750 0.000000 0.689718 0.000000 0.724078 0.294318 0.294318 0.294318
3373.493896 0.000000 4249.278320 0.000000 0.968783 0.000000 -0.247911 0.558635 0.558635 0.558635
3424.454346 0.000000 4247.308105 0.000000 0.483789 0.000000 -0.875184 0.693578 0.693578 0.693578
3398.142090 0.000000 4231.956055 0.000000 0.357673 0.000000 -0.933847 0.809112 0.809112 0.809112
3436.220703 0.000000 4230.169434 0.000000 0.660344 0.000000 -0.750964 0.664367 0.664367 0.664367
3423.736328 0.000000 4249.045898 0.000000 0.831819 0.000000 0.555048 0.371094 0.371094 0.371094
3425.842041 0.000000 4246.225586 0.000000 0.951644 0.000000 0.307202 0.443288 0.443288 0.443288
3436.415283 0.000000 4231.832031 0.000000 0.524384 0.000000 0.851482 0.302879 0.302879 0.302879
3398.431641 0.000000 4230.366699 0.000000 0.909653 0.000000 0.415369 0.390120 0.390120 0.390120
3423.009766 0.000000 4246.990723 0.000000 0.825014 0.000000 -0.565113 0.624821 0.624821 0.624821
3399.716797 0.000000 4230.854980 0.000000 0.342012 0.000000 0.939696 0.186599 0.186599 0.186599
3422.630127 0.000000 4249.402832 0.000000 0.207636 0.000000 0.978206 0.201703 0.201703 0.201703
3422.979248 0.000000 4248.172363 0.000000 0.155553 0.000000 0.987828 0.190099 0.190099 0.190099
3399.094971 0.000000 4231.640625 0.000000 0.762271 0.000000 0.647258 0.319415 0.319415 0.319415
3439.001221 0.000000 4230.508789 0.000000 0.942269 0.000000 -0.334856 0.593770 0.593770 0.593770
3399.238281 0.000000 4230.121094 0.000000 0.132719 0.000000 -0.991154 0.868795 0.868795 0.868795
3484.907715 0.000000 4210.720703 0.000000 0.442534 0.000000 0.896752 0.304215 0.304215 0.304215
3487.940430 0.000000 4212.650391 0.000000 0.002854 0.000000 -0.999996 0.864043 0.864043 0.864043
3486.958252 0.000000 4210.871094 0.000000 0.703710 0.000000 0.710487 0.346126 0.346126 0.346126
3485.963623 0.000000 4212.572754 0.000000 0.716315 0.000000 -0.697777 0.648942 0.648942 0.648942
3484.763184 0.000000 4212.031250 0.000000 0.790845 0.000000 0.612016 0.372982 0.372982 0.372982
3484.109131 0.000000 4213.895020 0.000000 0.107709 0.000000 0.994182 0.217872 0.217872 0.217872
3487.007080 0.000000 4212.108398 0.000000 0.376690 0.000000 0.926339 0.224966 0.224966 0.224966
3486.067383 0.000000 4213.684570 0.000000 0.097744 0.000000 0.995212 0.158024 0.158024 0.158024
3486.927002 0.000000 4213.120117 0.000000 0.888572 0.000000 -0.458738 0.610651 0.610651 0.610651
3343.936279 0.000000 4266.040039 0.000000 0.840865 0.000000 0.541244 0.369712 0.369712 0.369712
3334.118408 0.000000 4274.236328 0.000000 0.982544 0.000000 0.186033 0.452700 0.452700 0.452700
3342.251465 0.000000 4267.345703 0.000000 0.342033 0.000000 -0.939688 0.778319 0.778319 0.778319
3345.909424 0.000000 4266.786621 0.000000 0.816593 0.000000 -0.577214 0.644015 0.644015 0.644015
3335.319580 0.000000 4275.215332 0.000000 0.435797 0.000000 -0.900045 0.783076 0.783076 0.783076
3335.380371 0.000000 4273.447754 0.000000 0.432923 0.000000 0.901431 0.253968 0.253968 0.253968
3344.522217 0.000000 4267.421387 0.000000 0.424452 0.000000 -0.905450 0.765049 0.765049 0.765049
3334.212891 0.000000 4272.583496 0.000000 0.063129 0.000000 -0.998005 0.830279 0.830279 0.830279
3343.398682 0.000000 4267.102051 0.000000 0.112789 0.000000 -0.993619 0.832094 0.832094 0.832094
3344.928223 0.000000 4266.443359 0.000000 0.153395 0.000000 -0.988165 0.831602 0.831602 0.831602
3342.258545 0.000000 4266.297852 0.000000 0.938097 0.000000 0.346374 0.419423 0.419423 0.419423
3335.031738 0.000000 4274.336914 0.000000 0.956224 0.000000 0.292636 0.424930 0.424930 0.424930
3334.374512 0.000000 4275.122070 0.000000 0.673091 0.000000 0.739560 0.289586 0.289586 0.289586
3343.805664 0.000000 4267.992676 0.000000 0.757258 0.000000 0.653115 0.337870 0.337870 0.337870
3335.911865 0.000000 4274.230469 0.000000 0.605833 0.000000 -0.795592 0.732549 0.732549 0.732549
3345.384766 0.000000 4267.536621 0.000000 0.186963 0.000000 -0.982367 0.823629 0.823629 0.823629
3445.232422 0.000000 4255.068359 0.000000 0.973428 0.000000 -0.228995 0.550183 0.550183 0.550183
3404.005859 0.000000 4266.727539 0.000000 0.360430 0.000000 -0.932786 0.800852 0.800852 0.800852
3405.780518 0.000000 4264.097656 0.000000 0.492991 0.000000 -0.870034 0.730522 0.730522 0.730522
3447.722412 0.000000 4254.258789 0.000000 0.207239 0.000000 -0.978290 0.837491 0.837491 0.837491
3405.429199 0.000000 4265.781738 0.000000 0.957628 0.000000 -0.288009 0.563819 0.563819 0.563819
3446.637451 0.000000 4255.303223 0.000000 0.979909 0.000000 -0.199444 0.549752 0.549752 0.549752
3405.024658 0.000000 4267.783203 0.000000 0.474624 0.000000 0.880189 0.230635 0.230635 0.230635
3446.296631 0.000000 4254.169434 0.000000 0.937521 0.000000 -0.347928 0.588052 0.588052 0.588052
3404.862061 0.000000 4264.782227 0.000000 0.525027 0.000000 0.851085 0.277609 0.277609 0.277609
3405.317871 0.000000 4266.812988 0.000000 0.466026 0.000000 -0.884771 0.771804 0.771804 0.771804
3444.220215 0.000000 4255.403809 0.000000 0.809388 0.000000 -0.587275 0.636333 0.636333 0.636333
3447.421143 0.000000 4255.794434 0.000000 0.852322 0.000000 0.523017 0.363624 0.363624 0.363624
3404.092285 0.000000 4267.556641 0.000000 0.434801 0.000000 -0.900527 0.780558 0.780558 0.780558
3439.880615 0.000000 4326.899414 0.000000 0.224739 0.000000 -0.974419 0.740769 0.740769 0.740769
3438.350830 0.000000 4327.733887 0.000000 0.029198 0.000000 -0.999574 0.776142 0.776142 0.776142
3481.792725 0.000000 4269.204590 0.000000 0.694789 0.000000 0.719213 0.353715 0.353715 0.353715
3517.657959 0.000000 4295.380859 0.000000 0.391123 0.000000 -0.920338 0.691880 0.691880 0.691880
3514.622070 0.000000 4294.411621 0.000000 0.393049 0.000000 0.919518 0.307007 0.307007 0.307007
3482.168945 0.000000 4254.893066 0.000000 0.578362 0.000000 -0.815780 0.709607 0.709607 0.709607
3479.585205 0.000000 4270.404297 0.000000 0.991893 0.000000 0.127077 0.471927 0.471927 0.471927
3505.305420 0.000000 4288.151855 0.000000 0.938165 0.000000 0.346189 0.434471 0.434471 0.434471
3480.037598 0.000000 4255.605469 0.000000 0.990628 0.000000 0.136591 0.475969 0.475969 0.475969
3480.862549 0.000000 4271.749023 0.000000 0.960266 0.000000 -0.279087 0.555078 0.555078 0.555078
3478.715088 0.000000 4268.765625 0.000000 0.083420 0.000000 0.996514 0.200170 0.200170 0.200170
3482.613770 0.000000 4253.170898 0.000000 0.874162 0.000000 -0.485634 0.618685 0.618685 0.618685
3478.768066 0.000000 4271.693848 0.000000 0.997296 0.000000 -0.073487 0.516205 0.516205 0.516205
3483.471680 0.000000 4254.475098 0.000000 0.987555 0.000000 0.157272 0.465304 0.465304 0.465304
3478.238525 0.000000 4270.467773 0.000000 0.364321 0.000000 -0.931273 0.763920 0.763920 0.763920
3481.115967 0.000000 4270.282715 0.000000 0.805226 0.000000 0.592968 0.376397 0.376397 0.376397
3483.772705 0.000000 4253.377930 0.000000 0.958613 0.000000 0.284713 0.432428 0.432428 0.432428
3483.111328 0.000000 4255.506836 0.000000 0.909637 0.000000 -0.415404 0.594115 0.594115 0.594115
3482.482178 0.000000 4252.062012 0.000000 0.310202 0.000000 0.950671 0.206174 0.206174 0.206174
3479.777832 0.000000 4271.906738 0.000000 0.995757 0.000000 -0.092017 0.520302 0.520302 0.520302
3483.315186 0.000000 4252.621094 0.000000 0.698284 0.000000 -0.715821 0.686726 0.686726 0.686726
3532.801514 0.000000 4276.641113 0.000000 0.970694 0.000000 -0.240318 0.544533 0.544533 0.544533
3532.752197 0.000000 4295.892578 0.000000 0.988280 0.000000 0.152651 0.474462 0.474462 0.474462
3531.469482 0.000000 4274.244141 0.000000 0.999843 0.000000 -0.017747 0.503678 0.503678 0.503678
3530.082764 0.000000 4276.376953 0.000000 0.495593 0.000000 0.868555 0.314792 0.314792 0.314792
3532.103027 0.000000 4297.491211 0.000000 0.937922 0.000000 0.346848 0.435446 0.435446 0.435446
3533.122803 0.000000 4275.020508 0.000000 0.919653 0.000000 0.392731 0.407300 0.407300 0.407300
3531.529053 0.000000 4275.889648 0.000000 0.135341 0.000000 0.990799 0.202641 0.202641 0.202641
3530.129150 0.000000 4274.840332 0.000000 0.550058 0.000000 0.835126 0.295198 0.295198 0.295198
3533.806641 0.000000 4275.999512 0.000000 0.165539 0.000000 0.986203 0.177413 0.177413 0.177413
3532.087402 0.000000 4275.018066 0.000000 0.953798 0.000000 -0.300450 0.570091 0.570091 0.570091
3532.520020 0.000000 4275.779297 0.000000 0.704841 0.000000 -0.709365 0.681127 0.681127 0.681127
3533.094482 0.000000 4274.142090 0.000000 0.030575 0.000000 0.999532 0.146239 0.146239 0.146239
3503.277344 0.000000 4336.872559 0.000000 0.151994 0.000000 0.988381 0.261007 0.261007 0.261007
3514.146729 0.000000 4318.165039 0.000000 0.269425 0.000000 -0.963021 0.734938 0.734938 0.734938
3491.020996 0.000000 4330.615234 0.000000 0.684688 0.000000 0.728836 0.352702 0.352702 0.352702
3483.627686 0.000000 4337.497070 0.000000 0.118555 0.000000 -0.992947 0.769148 0.769148 0.769148
3515.973145 0.000000 4319.497559 0.000000 0.949477 0.000000 0.313836 0.442219 0.442219 0.442219
3503.279785 0.000000 4338.801270 0.000000 0.750081 0.000000 0.661346 0.370110 0.370110 0.370110
3471.954590 0.000000 4329.360840 0.000000 0.999758 0.000000 -0.021985 0.504048 0.504048 0.504048
3482.275391 0.000000 4336.216309 0.000000 0.996625 0.000000 0.082093 0.484765 0.484765 0.484765
3483.998047 0.000000 4336.023926 0.000000 0.914623 0.000000 -0.404307 0.577154 0.577154 0.577154
3453.660400 0.000000 4350.439941 0.000000 0.296544 0.000000 0.955019 0.267010 0.267010 0.267010
3506.362305 0.000000 4362.171387 0.000000 0.997304 0.000000 0.073377 0.487119 0.487119 0.487119
3507.871094 0.000000 4363.445312 0.000000 0.993283 0.000000 -0.115710 0.520339 0.520339 0.520339
3537.107178 0.000000 4358.069336 0.000000 0.800536 0.000000 0.599284 0.393314 0.393314 0.393314
3554.706787 0.000000 4355.972656 0.000000 0.035439 0.000000 -0.999372 0.778856 0.778856 0.778856
3561.706299 0.000000 4348.568848 0.000000 0.542104 0.000000 -0.840311 0.670647 0.670647 0.670647
3529.133545 0.000000 4350.558594 0.000000 0.765864 0.000000 -0.643003 0.623797 0.623797 0.623797
3539.863770 0.000000 4356.882812 0.000000 0.834212 0.000000 -0.551444 0.598430 0.598430 0.598430
3557.419189 0.000000 4354.499023 0.000000 0.100807 0.000000 0.994906 0.255063 0.255063 0.255063
3560.481934 0.000000 4346.316895 0.000000 0.975155 0.000000 0.221521 0.460685 0.460685 0.460685
3555.507812 0.000000 4354.116699 0.000000 0.995075 0.000000 -0.099124 0.518033 0.518033 0.518033
3575.706787 0.000000 4395.985352 0.000000 0.953117 0.000000 0.302600 0.443014 0.443014 0.443014
3574.322266 0.000000 4394.690430 0.000000 0.956799 0.000000 -0.290750 0.554686 0.554686 0.554686
3553.717041 0.000000 4401.631836 0.000000 0.803182 0.000000 -0.595733 0.615112 0.615112 0.615112
3574.338379 0.000000 4487.338867 0.000000 0.719409 0.000000 -0.694586 0.638980 0.638980 0.638980
3579.242920 0.000000 4475.090820 0.000000 0.782335 0.000000 0.622857 0.387111 0.387111 0.387111
3552.205322 0.000000 4471.442871 0.000000 0.940689 0.000000 0.339269 0.441886 0.441886 0.441886
3580.677246 0.000000 4477.803223 0.000000 0.375079 0.000000 -0.926993 0.697693 0.697693 0.697693
3564.277344 0.000000 4478.645020 0.000000 0.777952 0.000000 0.628324 0.377453 0.377453 0.377453
3578.187744 0.000000 4477.356445 0.000000 0.454452 0.000000 -0.890771 0.690009 0.690009 0.690009
3565.775879 0.000000 4479.583496 0.000000 0.463194 0.000000 -0.886257 0.696465 0.696465 0.696465
3513.694824 0.000000 4494.553711 0.000000 0.051028 0.000000 -0.998697 0.885103 0.885103 0.885103
3514.484375 0.000000 4495.939941 0.000000 0.973185 0.000000 -0.230022 0.547370 0.547370 0.547370
3512.132812 0.000000 4494.192871 0.000000 0.993967 0.000000 0.109679 0.472151 0.472151 0.472151
3515.255615 0.000000 4494.820801 0.000000 0.990278 0.000000 0.139102 0.471518 0.471518 0.471518
3512.439697 0.000000 4495.260742 0.000000 0.564211 0.000000 0.825631 0.253868 0.253868 0.253868
3513.604736 0.000000 4495.503418 0.000000 0.276518 0.000000 0.961009 0.172956 0.172956 0.172956
3512.963379 0.000000 4494.154297 0.000000 0.999997 0.000000 0.002323 0.499411 0.499411 0.499411
3551.314453 0.000000 4514.790039 0.000000 0.990795 0.000000 0.135369 0.477796 0.477796 0.477796
3575.941162 0.000000 4488.124512 0.000000 0.242623 0.000000 -0.970121 0.726717 0.726717 0.726717
3526.097412 0.000000 4521.093262 0.000000 0.629527 0.000000 -0.776979 0.685500 0.685500 0.685500
3553.236572 0.000000 4514.482422 0.000000 0.284688 0.000000 -0.958620 0.759270 0.759270 0.759270
3552.431396 0.000000 4515.589355 0.000000 0.165411 0.000000 -0.986225 0.784043 0.784043 0.784043
3527.325928 0.000000 4520.464844 0.000000 0.815368 0.000000 -0.578943 0.628711 0.628711 0.628711
3527.330811 0.000000 4521.786133 0.000000 0.009411 0.000000 -0.999956 0.825489 0.825489 0.825489
3553.508545 0.000000 4517.581543 0.000000 0.891812 0.000000 -0.452406 0.622184 0.622184 0.622184
3552.720459 0.000000 4517.975586 0.000000 0.525881 0.000000 -0.850558 0.764702 0.764702 0.764702
3552.955566 0.000000 4516.367676 0.000000 0.255158 0.000000 0.966899 0.158328 0.158328 0.158328
3589.242920 0.000000 4465.577148 0.000000 0.013496 0.000000 0.999909 0.242428 0.242428 0.242428
3598.836670 0.000000 4460.156250 0.000000 0.956616 0.000000 0.291352 0.447596 0.447596 0.447596
3591.672363 0.000000 4465.628906 0.000000 0.734025 0.000000 0.679123 0.365803 0.365803 0.365803
3598.459229 0.000000 4478.917969 0.000000 0.944434 0.000000 0.328702 0.437915 0.437915 0.437915
3608.860352 0.000000 4521.676270 0.000000 0.604829 0.000000 0.796356 0.349354 0.349354 0.349354
3609.788330 0.000000 4523.006836 0.000000 0.110664 0.000000 -0.993858 0.768798 0.768798 0.768798
3671.474609 0.000000 4509.264648 0.000000 0.806261 0.000000 0.591560 0.392145 0.392145 0.392145
3655.171387 0.000000 4523.078125 0.000000 0.966725 0.000000 0.255817 0.457052 0.457052 0.457052
3652.933838 0.000000 4525.164551 0.000000 0.595670 0.000000 0.803230 0.341078 0.341078 0.341078
3655.965576 0.000000 4525.371582 0.000000 0.135015 0.000000 0.990844 0.248262 0.248262 0.248262
3669.316650 0.000000 4508.283203 0.000000 0.995163 0.000000 0.098239 0.482497 0.482497 0.482497
3686.177979 0.000000 4521.788086 0.000000 0.455721 0.000000 -0.890123 0.704148 0.704148 0.704148
3671.875000 0.000000 4522.842773 0.000000 0.871188 0.000000 0.490950 0.406474 0.406474 0.406474
3959.008545 0.000000 4482.386719 0.000000 0.055865 0.000000 0.998438 0.246604 0.246604 0.246604
3958.291504 0.000000 4487.338867 0.000000 0.800095 0.000000 0.599873 0.381146 0.381146 0.381146
3960.959473 0.000000 4482.317383 0.000000 0.884933 0.000000 0.465719 0.406570 0.406570 0.406570
3960.853760 0.000000 4483.761719 0.000000 0.149840 0.000000 0.988710 0.226066 0.226066 0.226066
3958.433105 0.000000 4499.961914 0.000000 0.806050 0.000000 -0.591847 0.604358 0.604358 0.604358
3957.169922 0.000000 4491.279297 0.000000 0.991260 0.000000 0.131922 0.477704 0.477704 0.477704
3964.005615 0.000000 4495.900391 0.000000 0.840624 0.000000 0.541619 0.403547 0.403547 0.403547
3964.307617 0.000000 4518.496582 0.000000 0.882141 0.000000 0.470986 0.420113 0.420113 0.420113
3928.878662 0.000000 4516.909668 0.000000 0.824495 0.000000 0.565870 0.383623 0.383623 0.383623
3941.751465 0.000000 4528.460449 0.000000 0.907662 0.000000 0.419701 0.421606 0.421606 0.421606
3959.894287 0.000000 4488.124512 0.000000 0.882684 0.000000 -0.469967 0.590692 0.590692 0.590692
3965.597900 0.000000 4492.166504 0.000000 0.005411 0.000000 0.999985 0.230344 0.230344 0.230344
3961.437012 0.000000 4497.959473 0.000000 0.951058 0.000000 0.309013 0.434707 0.434707 0.434707
3930.513428 0.000000 4514.540527 0.000000 0.294636 0.000000 -0.955610 0.714307 0.714307 0.714307
3966.358643 0.000000 4520.498535 0.000000 0.547492 0.000000 0.836811 0.323645 0.323645 0.323645
3936.614502 0.000000 4525.301270 0.000000 0.099211 0.000000 -0.995066 0.761735 0.761735 0.761735
3966.421143 0.000000 4494.707520 0.000000 0.947625 0.000000 -0.319385 0.557419 0.557419 0.557419
3966.286865 0.000000 4497.160645 0.000000 0.152799 0.000000 -0.988257 0.738855 0.738855 0.738855
3962.250732 0.000000 4519.937988 0.000000 0.979343 0.000000 0.202208 0.464671 0.464671 0.464671
3959.659912 0.000000 4490.469727 0.000000 0.174912 0.000000 -0.984584 0.762068 0.762068 0.762068
3963.694092 0.000000 4493.539062 0.000000 0.669666 0.000000 0.742662 0.350064 0.350064 0.350064
3960.561279 0.000000 4500.581543 0.000000 0.007665 0.000000 0.999971 0.202439 0.202439 0.202439
3966.014160 0.000000 4517.326172 0.000000 0.138676 0.000000 -0.990338 0.751984 0.751984 0.751984
3928.465820 0.000000 4514.906250 0.000000 0.727328 0.000000 0.686290 0.357903 0.357903 0.357903
3958.275391 0.000000 4489.174805 0.000000 0.998911 0.000000 -0.046665 0.508653 0.508653 0.508653
3930.663086 0.000000 4517.444336 0.000000 0.082923 0.000000 -0.996556 0.796216 0.796216 0.796216
3927.120361 0.000000 4516.208496 0.000000 0.995144 0.000000 -0.098432 0.518030 0.518030 0.518030
3960.875488 0.000000 4496.196289 0.000000 0.711424 0.000000 0.702763 0.338038 0.338038 0.338038
3935.227051 0.000000 4524.432617 0.000000 0.894247 0.000000 -0.447573 0.583993 0.583993 0.583993
3940.977783 0.000000 4529.966309 0.000000 0.903999 0.000000 -0.427534 0.579959 0.579959 0.579959
3927.346924 0.000000 4517.858398 0.000000 0.886593 0.000000 -0.462551 0.587938 0.587938 0.587938
3966.920654 0.000000 4493.212891 0.000000 0.622936 0.000000 -0.782273 0.664275 0.664275 0.664275
3929.903076 0.000000 4515.864746 0.000000 0.880898 0.000000 0.473307 0.407375 0.407375 0.407375
3958.574951 0.000000 4491.514160 0.000000 0.194500 0.000000 0.980902 0.241676 0.241676 0.241676
3961.145020 0.000000 4499.336914 0.000000 0.046528 0.000000 -0.998917 0.793013 0.793013 0.793013
3960.432373 0.000000 4497.742188 0.000000 0.013452 0.000000 -0.999910 0.823675 0.823675 0.823675
3967.884521 0.000000 4518.365723 0.000000 0.430583 0.000000 -0.902551 0.703041 0.703041 0.703041
3967.814941 0.000000 4492.062500 0.000000 0.769695 0.000000 0.638411 0.373373 0.373373 0.373373
3970.451904 0.000000 4527.078613 0.000000 0.721374 0.000000 -0.692546 0.626530 0.626530 0.626530
3980.697510 0.000000 4532.103516 0.000000 0.478753 0.000000 0.877950 0.324105 0.324105 0.324105
3976.471191 0.000000 4505.721191 0.000000 0.998442 0.000000 -0.055797 0.508990 0.508990 0.508990
3975.371826 0.000000 4518.992676 0.000000 0.393558 0.000000 -0.919300 0.700181 0.700181 0.700181
3974.336182 0.000000 4531.770020 0.000000 0.745974 0.000000 0.665976 0.379004 0.379004 0.379004
3968.533203 0.000000 4510.929199 0.000000 0.318033 0.000000 -0.948080 0.719505 0.719505 0.719505
3971.553955 0.000000 4522.254883 0.000000 0.313825 0.000000 0.949481 0.275808 0.275808 0.275808
3980.361572 0.000000 4508.008301 0.000000 0.995345 0.000000 0.096374 0.483011 0.483011 0.483011
3972.734131 0.000000 4508.360840 0.000000 0.016076 0.000000 -0.999871 0.806633 0.806633 0.806633
3976.868652 0.000000 4514.955078 0.000000 0.735075 0.000000 0.677986 0.371662 0.371662 0.371662
3980.844971 0.000000 4527.871582 0.000000 0.296506 0.000000 -0.955031 0.709222 0.709222 0.709222
3975.132324 0.000000 4523.078125 0.000000 0.996918 0.000000 0.078452 0.486129 0.486129 0.486129
3977.622070 0.000000 4529.786133 0.000000 0.628911 0.000000 0.777477 0.344908 0.344908 0.344908
3977.308594 0.000000 4533.747559 0.000000 0.490835 0.000000 -0.871252 0.680229 0.680229 0.680229
3968.574951 0.000000 4524.316406 0.000000 0.993190 0.000000 0.116508 0.480613 0.480613 0.480613
3972.894775 0.000000 4525.164551 0.000000 0.952643 0.000000 0.304092 0.444459 0.444459 0.444459
3968.790527 0.000000 4521.173340 0.000000 0.189788 0.000000 0.981825 0.221827 0.221827 0.221827
3981.330566 0.000000 4534.938965 0.000000 0.646586 0.000000 0.762841 0.348904 0.348904 0.348904
3975.474609 0.000000 4508.190430 0.000000 0.993853 0.000000 0.110711 0.477012 0.477012 0.477012
3978.028076 0.000000 4512.587891 0.000000 0.460480 0.000000 -0.887670 0.693609 0.693609 0.693609
3977.631104 0.000000 4527.256836 0.000000 0.259366 0.000000 -0.965779 0.736826 0.736826 0.736826
3978.860107 0.000000 4506.061035 0.000000 0.748743 0.000000 -0.662860 0.632515 0.632515 0.632515
3978.017090 0.000000 4508.486816 0.000000 0.979064 0.000000 0.203554 0.464944 0.464944 0.464944
3971.613525 0.000000 4510.394531 0.000000 0.850346 0.000000 -0.526224 0.599264 0.599264 0.599264
3979.074219 0.000000 4535.159180 0.000000 0.978492 0.000000 -0.206285 0.537608 0.537608 0.537608
3969.009521 0.000000 4493.932129 0.000000 0.029318 0.000000 -0.999570 0.769386 0.769386 0.769386
3974.042725 0.000000 4521.093262 0.000000 0.625959 0.000000 -0.779856 0.663009 0.663009 0.663009
3983.134277 0.000000 4528.080078 0.000000 0.047433 0.000000 -0.998874 0.762414 0.762414 0.762414
3976.551758 0.000000 4517.152344 0.000000 0.999662 0.000000 -0.025986 0.504623 0.504623 0.504623
3978.508057 0.000000 4531.844238 0.000000 0.979940 0.000000 -0.199293 0.539321 0.539321 0.539321
3981.766846 0.000000 4509.727051 0.000000 0.741513 0.000000 0.670938 0.370552 0.370552 0.370552
3978.231934 0.000000 4504.033203 0.000000 0.349309 0.000000 0.937008 0.288608 0.288608 0.288608
3969.908691 0.000000 4492.129883 0.000000 0.104796 0.000000 -0.994494 0.756162 0.756162 0.756162
3967.612793 0.000000 4516.466797 0.000000 0.999449 0.000000 -0.033181 0.505841 0.505841 0.505841
3973.247559 0.000000 4523.275879 0.000000 0.165395 0.000000 -0.986227 0.771773 0.771773 0.771773
3969.784424 0.000000 4522.879883 0.000000 0.221198 0.000000 0.975229 0.259422 0.259422 0.259422
3973.180664 0.000000 4526.950684 0.000000 0.963427 0.000000 0.267972 0.447680 0.447680 0.447680
3981.393311 0.000000 4506.847168 0.000000 0.714005 0.000000 0.700141 0.351872 0.351872 0.351872
3975.302246 0.000000 4509.658691 0.000000 0.464563 0.000000 0.885540 0.274623 0.274623 0.274623
3974.134766 0.000000 4508.794434 0.000000 0.979976 0.000000 0.199115 0.458463 0.458463 0.458463
3978.661133 0.000000 4533.385254 0.000000 0.714696 0.000000 0.699435 0.338524 0.338524 0.338524
3972.898682 0.000000 4509.722656 0.000000 0.193443 0.000000 -0.981111 0.771410 0.771410 0.771410
3980.130371 0.000000 4506.499512 0.000000 0.821704 0.000000 -0.569914 0.615814 0.615814 0.615814
3968.779053 0.000000 4519.729492 0.000000 0.865752 0.000000 0.500473 0.396297 0.396297 0.396297
3979.664795 0.000000 4531.298340 0.000000 0.906711 0.000000 0.421752 0.414675 0.414675 0.414675
3978.586914 0.000000 4530.582031 0.000000 0.561188 0.000000 0.827688 0.308925 0.308925 0.308925
3979.538330 0.000000 4532.505859 0.000000 0.278679 0.000000 0.960384 0.231422 0.231422 0.231422
3969.676270 0.000000 4520.455566 0.000000 0.998241 0.000000 0.059293 0.488040 0.488040 0.488040
3969.011230 0.000000 4518.026855 0.000000 0.804265 0.000000 -0.594271 0.625905 0.625905 0.625905
2908.640137 0.000000 4705.924316 0.000000 0.517338 0.000000 0.855781 0.325000 0.325000 0.325000
2906.638428 0.000000 4703.509277 0.000000 0.771315 0.000000 -0.636453 0.614967 0.614967 0.614967
2909.100830 0.000000 4702.398438 0.000000 0.755637 0.000000 -0.654991 0.624807 0.624807 0.624807
2938.554688 0.000000 4684.908691 0.000000 0.663893 0.000000 0.747827 0.344985 0.344985 0.344985
2971.811523 0.000000 4674.443359 0.000000 0.454602 0.000000 -0.890695 0.679692 0.679692 0.679692
2972.646973 0.000000 4676.226562 0.000000 0.221352 0.000000 -0.975194 0.738868 0.738868 0.738868
2971.908691 0.000000 4677.097168 0.000000 0.285661 0.000000 -0.958331 0.717486 0.717486 0.717486
2938.402344 0.000000 4746.104004 0.000000 0.878789 0.000000 0.477211 0.418650 0.418650 0.418650
2939.187744 0.000000 4749.475098 0.000000 0.896866 0.000000 0.442303 0.413927 0.413927 0.413927
2966.193604 0.000000 4764.959473 0.000000 0.640684 0.000000 0.767805 0.347015 0.347015 0.347015
2972.877686 0.000000 4804.289062 0.000000 0.035864 0.000000 -0.999357 0.748123 0.748123 0.748123
2973.142090 0.000000 4806.479004 0.000000 0.312589 0.000000 0.949889 0.265409 0.265409 0.265409
3010.569092 0.000000 4810.531738 0.000000 0.607692 0.000000 -0.794173 0.655212 0.655212 0.655212
3011.273682 0.000000 4813.854004 0.000000 0.984409 0.000000 0.175896 0.469321 0.469321 0.469321
3035.205078 0.000000 4807.181641 0.000000 0.987547 0.000000 0.157323 0.472195 0.472195 0.472195
3035.682373 0.000000 4809.918945 0.000000 0.766252 0.000000 0.642541 0.377616 0.377616 0.377616
2986.503418 0.000000 4845.687012 0.000000 0.871132 0.000000 -0.491048 0.588421 0.588421 0.588421
2988.275391 0.000000 4844.317871 0.000000 0.994124 0.000000 -0.108251 0.519564 0.519564 0.519564
2973.142090 0.000000 4853.721191 0.000000 0.423027 0.000000 0.906117 0.289082 0.289082 0.289082
2988.469971 0.000000 4845.980469 0.000000 0.735789 0.000000 -0.677211 0.634193 0.634193 0.634193
2997.287109 0.000000 4869.216797 0.000000 0.073781 0.000000 -0.997274 0.753196 0.753196 0.753196
2994.903564 0.000000 4871.869629 0.000000 0.039893 0.000000 0.999204 0.244885 0.244885 0.244885
2997.292236 0.000000 4871.999512 0.000000 0.649567 0.000000 -0.760305 0.653110 0.653110 0.653110
3507.698486 0.000000 4544.589355 0.000000 0.988895 0.000000 0.148614 0.458477 0.458477 0.458477
3506.406982 0.000000 4544.372559 0.000000 0.983545 0.000000 -0.180661 0.550567 0.550567 0.550567
3506.834961 0.000000 4545.569336 0.000000 0.340154 0.000000 -0.940370 0.840640 0.840640 0.840640
3507.986572 0.000000 4545.837402 0.000000 0.941951 0.000000 0.335750 0.404687 0.404687 0.404687
3544.029785 0.000000 4539.058594 0.000000 0.999540 0.000000 -0.030318 0.508365 0.508365 0.508365
3545.271484 0.000000 4539.502441 0.000000 0.929642 0.000000 -0.368465 0.604101 0.604101 0.604101
3544.991943 0.000000 4538.410156 0.000000 0.107681 0.000000 -0.994185 0.903570 0.903570 0.903570
3575.055420 0.000000 4624.113281 0.000000 0.744298 0.000000 0.667848 0.379500 0.379500 0.379500
3578.614258 0.000000 4625.106934 0.000000 0.996613 0.000000 -0.082240 0.513772 0.513772 0.513772
3577.006348 0.000000 4624.043945 0.000000 0.906499 0.000000 0.422208 0.416481 0.416481 0.416481
3576.900635 0.000000 4625.488281 0.000000 0.156205 0.000000 0.987725 0.229073 0.229073 0.229073
3637.208984 0.000000 4538.521484 0.000000 0.902676 0.000000 -0.430321 0.583294 0.583294 0.583294
3634.367432 0.000000 4538.263184 0.000000 0.365964 0.000000 0.930629 0.278275 0.278275 0.278275
3635.820068 0.000000 4539.731445 0.000000 0.999646 0.000000 0.026610 0.495067 0.495067 0.495067
3637.481445 0.000000 4539.919922 0.000000 0.998812 0.000000 0.048724 0.490873 0.490873 0.490873
3686.267334 0.000000 4536.137695 0.000000 0.319144 0.000000 0.947706 0.293143 0.293143 0.293143
3654.100342 0.000000 4540.781738 0.000000 0.903087 0.000000 0.429457 0.423535 0.423535 0.423535
3689.690674 0.000000 4537.537598 0.000000 0.688411 0.000000 -0.725321 0.643843 0.643843 0.643843
3654.666748 0.000000 4538.151855 0.000000 0.226694 0.000000 -0.973966 0.735383 0.735383 0.735383
3665.439697 0.000000 4539.152344 0.000000 0.955256 0.000000 0.295779 0.448837 0.448837 0.448837
3689.820068 0.000000 4539.705078 0.000000 0.658804 0.000000 -0.752315 0.645630 0.645630 0.645630
3663.464844 0.000000 4539.534668 0.000000 0.999970 0.000000 -0.007723 0.501393 0.501393 0.501393
3594.374268 0.000000 4619.379395 0.000000 0.001461 0.000000 0.999999 0.222807 0.222807 0.222807
3621.798828 0.000000 4596.801270 0.000000 0.095831 0.000000 -0.995398 0.741168 0.741168 0.741168
3603.999023 0.000000 4586.377930 0.000000 0.786048 0.000000 0.618166 0.383540 0.383540 0.383540
3618.979980 0.000000 4598.547363 0.000000 0.877006 0.000000 -0.480479 0.588528 0.588528 0.588528
3595.814209 0.000000 4617.775391 0.000000 0.800801 0.000000 0.598930 0.383768 0.383768 0.383768
3677.689697 0.000000 4619.802734 0.000000 0.052280 0.000000 -0.998632 0.747362 0.747362 0.747362
3647.557861 0.000000 4624.861816 0.000000 0.902518 0.000000 0.430652 0.423306 0.423306 0.423306
3662.451416 0.000000 4620.644531 0.000000 0.992001 0.000000 -0.126227 0.523224 0.523224 0.523224
3679.258301 0.000000 4618.916992 0.000000 0.415285 0.000000 0.909691 0.292488 0.292488 0.292488
3676.237305 0.000000 4602.677246 0.000000 0.851991 0.000000 0.523556 0.399578 0.399578 0.399578
3630.552246 0.000000 4653.472168 0.000000 0.157729 0.000000 0.987482 0.251407 0.251407 0.251407
3667.805664 0.000000 4644.142578 0.000000 0.835276 0.000000 0.549832 0.400079 0.400079 0.400079
3666.859375 0.000000 4642.380371 0.000000 0.971015 0.000000 -0.239020 0.542631 0.542631 0.542631
3944.347412 0.000000 4544.652832 0.000000 0.323906 0.000000 -0.946089 0.719963 0.719963 0.719963
3955.045654 0.000000 4566.188965 0.000000 0.282162 0.000000 -0.959367 0.713295 0.713295 0.713295
3947.685303 0.000000 4540.967285 0.000000 0.513929 0.000000 0.857833 0.331401 0.331401 0.331401
3951.183594 0.000000 4565.390137 0.000000 0.994317 0.000000 0.106457 0.481294 0.481294 0.481294
3946.644531 0.000000 4543.416504 0.000000 0.987510 0.000000 -0.157556 0.528439 0.528439 0.528439
3953.441650 0.000000 4564.726562 0.000000 0.133952 0.000000 -0.990988 0.792271 0.792271 0.792271
3952.885498 0.000000 4566.812500 0.000000 0.017334 0.000000 -0.999850 0.776328 0.776328 0.776328
3954.890381 0.000000 4568.398926 0.000000 0.435923 0.000000 -0.899984 0.697080 0.697080 0.697080
3944.985596 0.000000 4543.090820 0.000000 0.809023 0.000000 0.587777 0.378433 0.378433 0.378433
3952.189453 0.000000 4564.448730 0.000000 0.931735 0.000000 0.363138 0.424384 0.424384 0.424384
3953.800293 0.000000 4565.917480 0.000000 0.688719 0.000000 -0.725028 0.665028 0.665028 0.665028
3952.599365 0.000000 4565.615234 0.000000 0.341495 0.000000 -0.939884 0.748698 0.748698 0.748698
3958.645752 0.000000 4607.589844 0.000000 0.992490 0.000000 -0.122328 0.522197 0.522197 0.522197
3959.215088 0.000000 4589.893066 0.000000 0.999474 0.000000 -0.032442 0.505306 0.505306 0.505306
3962.749268 0.000000 4595.690918 0.000000 0.974613 0.000000 -0.223894 0.539180 0.539180 0.539180
3933.658447 0.000000 4619.802734 0.000000 0.326095 0.000000 0.945337 0.288951 0.288951 0.288951
3950.026611 0.000000 4627.782715 0.000000 0.131141 0.000000 -0.991364 0.776678 0.776678 0.776678
3961.358398 0.000000 4598.898438 0.000000 0.956031 0.000000 0.293265 0.446127 0.446127 0.446127
3939.399658 0.000000 4619.708496 0.000000 0.178902 0.000000 0.983867 0.236089 0.236089 0.236089
3961.437012 0.000000 4592.443848 0.000000 0.737177 0.000000 -0.675699 0.625025 0.625025 0.625025
3955.588379 0.000000 4623.975586 0.000000 0.987834 0.000000 -0.155512 0.528652 0.528652 0.528652
3931.095703 0.000000 4618.212891 0.000000 0.681085 0.000000 -0.732205 0.635882 0.635882 0.635882
3959.858154 0.000000 4604.833984 0.000000 0.637504 0.000000 -0.770447 0.653158 0.653158 0.653158
3947.794922 0.000000 4628.360352 0.000000 0.518038 0.000000 -0.855358 0.673580 0.673580 0.673580
3931.572998 0.000000 4620.950195 0.000000 0.508311 0.000000 -0.861174 0.676792 0.676792 0.676792
3964.196777 0.000000 4584.844238 0.000000 0.273569 0.000000 -0.961852 0.721239 0.721239 0.721239
3951.079102 0.000000 4629.674805 0.000000 0.407193 0.000000 0.913342 0.295187 0.295187 0.295187
3951.764160 0.000000 4626.821289 0.000000 0.987932 0.000000 0.154887 0.470105 0.470105 0.470105
3954.065430 0.000000 4622.831543 0.000000 0.955440 0.000000 -0.295185 0.554985 0.554985 0.554985
3955.985107 0.000000 4622.142090 0.000000 0.806324 0.000000 -0.591475 0.616132 0.616132 0.616132
3946.239746 0.000000 4627.395020 0.000000 0.687147 0.000000 0.726519 0.344682 0.344682 0.344682
3961.425293 0.000000 4597.054199 0.000000 0.914477 0.000000 -0.404639 0.578522 0.578522 0.578522
3958.790527 0.000000 4603.315918 0.000000 0.340863 0.000000 0.940113 0.260325 0.260325 0.260325
3962.651123 0.000000 4593.846680 0.000000 0.516877 0.000000 -0.856060 0.689202 0.689202 0.689202
3957.979492 0.000000 4596.166016 0.000000 0.725196 0.000000 0.688542 0.351158 0.351158 0.351158
3948.577881 0.000000 4626.996582 0.000000 0.997789 0.000000 -0.066464 0.513201 0.513201 0.513201
3959.579102 0.000000 4591.545410 0.000000 0.834668 0.000000 -0.550753 0.609211 0.609211 0.609211
3962.601562 0.000000 4584.863770 0.000000 0.503772 0.000000 0.863837 0.291721 0.291721 0.291721
3949.813232 0.000000 4626.456055 0.000000 0.288248 0.000000 0.957556 0.246269 0.246269 0.246269
3956.978027 0.000000 4596.894043 0.000000 0.952860 0.000000 -0.303412 0.560415 0.560415 0.560415
3978.956055 0.000000 4545.951660 0.000000 0.786133 0.000000 0.618058 0.380653 0.380653 0.380653
4013.509766 0.000000 4570.275391 0.000000 0.766738 0.000000 0.641960 0.371659 0.371659 0.371659
3980.746826 0.000000 4560.094238 0.000000 0.832252 0.000000 0.554397 0.390703 0.390703 0.390703
3978.957520 0.000000 4536.946289 0.000000 0.176947 0.000000 0.984220 0.271356 0.271356 0.271356
3984.115479 0.000000 4552.375977 0.000000 0.188562 0.000000 -0.982061 0.722395 0.722395 0.722395
4013.384521 0.000000 4575.770996 0.000000 0.087343 0.000000 0.996178 0.219480 0.219480 0.219480
3979.935547 0.000000 4550.180664 0.000000 0.010827 0.000000 -0.999941 0.764829 0.764829 0.764829
3976.715576 0.000000 4557.726562 0.000000 0.353115 0.000000 0.935580 0.297622 0.297622 0.297622
3980.844971 0.000000 4575.113770 0.000000 0.690529 0.000000 0.723305 0.357685 0.357685 0.357685
4005.350586 0.000000 4580.434082 0.000000 0.923728 0.000000 -0.383050 0.574830 0.574830 0.574830
3984.386230 0.000000 4560.703125 0.000000 0.735529 0.000000 0.677493 0.358769 0.358769 0.358769
3980.053467 0.000000 4563.423828 0.000000 0.880764 0.000000 -0.473555 0.581902 0.581902 0.581902
3981.680176 0.000000 4571.484375 0.000000 0.984891 0.000000 -0.173174 0.529439 0.529439 0.529439
3986.738037 0.000000 4555.371094 0.000000 0.038556 0.000000 -0.999256 0.761076 0.761076 0.761076
3983.696777 0.000000 4563.623047 0.000000 0.856113 0.000000 -0.516788 0.606096 0.606096 0.606096
4012.222656 0.000000 4573.129395 0.000000 0.561512 0.000000 0.827469 0.313868 0.313868 0.313868
3981.136475 0.000000 4552.632812 0.000000 0.854914 0.000000 -0.518770 0.593613 0.593613 0.593613
3978.478271 0.000000 4565.687012 0.000000 0.873905 0.000000 0.486097 0.414141 0.414141 0.414141
3979.414795 0.000000 4557.697266 0.000000 0.441184 0.000000 -0.897417 0.698831 0.698831 0.698831
3978.028076 0.000000 4559.830078 0.000000 0.891800 0.000000 -0.452429 0.587614 0.587614 0.587614
3981.232910 0.000000 4535.970215 0.000000 0.097609 0.000000 -0.995225 0.756505 0.756505 0.756505
3978.330322 0.000000 4543.636719 0.000000 0.888091 0.000000 0.459668 0.418022 0.418022 0.418022
3978.860107 0.000000 4553.303223 0.000000 0.713582 0.000000 0.700572 0.360962 0.360962 0.360962
3978.017090 0.000000 4555.729004 0.000000 0.401004 0.000000 0.916076 0.301212 0.301212 0.301212
3982.067871 0.000000 4562.041016 0.000000 0.709863 0.000000 0.704340 0.347332 0.347332 0.347332
4007.558105 0.000000 4580.651855 0.000000 0.132737 0.000000 0.991151 0.229912 0.229912 0.229912
3985.310303 0.000000 4558.826172 0.000000 0.938143 0.000000 -0.346249 0.565099 0.565099 0.565099
3980.196045 0.000000 4566.914551 0.000000 0.729834 0.000000 0.683624 0.363289 0.363289 0.363289
3983.816162 0.000000 4571.549805 0.000000 0.476900 0.000000 0.878957 0.305666 0.305666 0.305666
3984.875244 0.000000 4554.570312 0.000000 0.779356 0.000000 0.626582 0.372785 0.372785 0.372785
3985.899170 0.000000 4557.041016 0.000000 0.869504 0.000000 -0.493927 0.599308 0.599308 0.599308
3985.170410 0.000000 4562.415527 0.000000 0.909645 0.000000 -0.415387 0.576198 0.576198 0.576198
4013.689941 0.000000 4572.149414 0.000000 0.925725 0.000000 -0.378197 0.574074 0.574074 0.574074
4013.721191 0.000000 4574.067871 0.000000 0.013887 0.000000 -0.999904 0.794433 0.794433 0.794433
4006.349121 0.000000 4581.837891 0.000000 0.920595 0.000000 0.390519 0.424629 0.424629 0.424629
4004.248047 0.000000 4581.826172 0.000000 0.451694 0.000000 -0.892173 0.709804 0.709804 0.709804
3981.068115 0.000000 4558.473633 0.000000 0.998586 0.000000 -0.053167 0.509628 0.509628 0.509628
3982.410156 0.000000 4560.434570 0.000000 0.961446 0.000000 -0.274995 0.550076 0.550076 0.550076
4012.570068 0.000000 4579.754395 0.000000 0.471103 0.000000 0.882078 0.299755 0.299755 0.299755
3980.385742 0.000000 4561.595215 0.000000 0.258632 0.000000 -0.965976 0.743500 0.743500 0.743500
3983.630859 0.000000 4562.050781 0.000000 0.332490 0.000000 0.943107 0.259351 0.259351 0.259351
3979.474365 0.000000 4559.342773 0.000000 0.996568 0.000000 -0.082773 0.515464 0.515464 0.515464
3978.074463 0.000000 4558.293457 0.000000 0.939669 0.000000 0.342085 0.434846 0.434846 0.434846
3984.887939 0.000000 4556.031250 0.000000 0.852863 0.000000 -0.522134 0.605604 0.605604 0.605604
3980.954346 0.000000 4551.236328 0.000000 0.967527 0.000000 0.252767 0.450558 0.450558 0.450558
3999.830566 0.000000 4586.973633 0.000000 0.897020 0.000000 0.441990 0.420564 0.420564 0.420564
4001.302490 0.000000 4622.494629 0.000000 0.993196 0.000000 0.116459 0.480840 0.480840 0.480840
3990.791748 0.000000 4594.357910 0.000000 0.691578 0.000000 -0.722302 0.638029 0.638029 0.638029
3993.283447 0.000000 4588.054688 0.000000 0.072110 0.000000 0.997397 0.191336 0.191336 0.191336
4006.228271 0.000000 4583.379883 0.000000 0.268766 0.000000 -0.963206 0.727767 0.727767 0.727767
3995.783691 0.000000 4582.612793 0.000000 0.821842 0.000000 -0.569716 0.598743 0.598743 0.598743
3997.191406 0.000000 4592.332031 0.000000 0.588560 0.000000 0.808453 0.323709 0.323709 0.323709
3985.052490 0.000000 4594.280273 0.000000 0.154671 0.000000 -0.987966 0.749138 0.749138 0.749138
4001.897949 0.000000 4616.564941 0.000000 0.757412 0.000000 -0.652937 0.620337 0.620337 0.620337
3988.846191 0.000000 4590.150391 0.000000 0.155864 0.000000 -0.987778 0.800122 0.800122 0.800122
4001.270996 0.000000 4582.773438 0.000000 0.290566 0.000000 -0.956855 0.719802 0.719802 0.719802
3979.935547 0.000000 4597.422852 0.000000 0.825140 0.000000 0.564928 0.389089 0.389089 0.389089
3987.766602 0.000000 4596.900391 0.000000 0.039398 0.000000 -0.999224 0.750419 0.750419 0.750419
3993.288818 0.000000 4591.676758 0.000000 0.642901 0.000000 0.765949 0.342075 0.342075 0.342075
3982.312012 0.000000 4591.778809 0.000000 0.651635 0.000000 -0.758533 0.662300 0.662300 0.662300
3991.179199 0.000000 4597.731934 0.000000 0.995793 0.000000 -0.091637 0.516323 0.516323 0.516323
3999.877930 0.000000 4590.587891 0.000000 0.990073 0.000000 0.140552 0.474300 0.474300 0.474300
4003.479004 0.000000 4585.099121 0.000000 0.982122 0.000000 -0.188244 0.534868 0.534868 0.534868
3996.708984 0.000000 4585.586426 0.000000 0.922801 0.000000 0.385277 0.429647 0.429647 0.429647
3981.710205 0.000000 4594.792969 0.000000 0.380429 0.000000 -0.924810 0.720308 0.720308 0.720308
3987.809082 0.000000 4593.093750 0.000000 0.894767 0.000000 0.446532 0.409862 0.409862 0.409862
4000.384033 0.000000 4625.245605 0.000000 0.693769 0.000000 0.720198 0.365501 0.365501 0.365501
3985.483154 0.000000 4591.435059 0.000000 0.058780 0.000000 0.998271 0.240487 0.240487 0.240487
3990.463379 0.000000 4587.755371 0.000000 0.618662 0.000000 -0.785657 0.657939 0.657939 0.657939
3998.525635 0.000000 4583.274414 0.000000 0.915660 0.000000 0.401953 0.430551 0.430551 0.430551
3981.136475 0.000000 4599.875000 0.000000 0.528719 0.000000 0.848797 0.323479 0.323479 0.323479
3993.607910 0.000000 4594.509277 0.000000 0.004222 0.000000 -0.999991 0.798216 0.798216 0.798216
3994.106445 0.000000 4585.588379 0.000000 0.927763 0.000000 0.373169 0.425292 0.425292 0.425292
4003.889160 0.000000 4582.548340 0.000000 0.914698 0.000000 0.404139 0.427813 0.427813 0.427813
3986.965088 0.000000 4588.666016 0.000000 0.481982 0.000000 0.876181 0.276055 0.276055 0.276055
3978.860107 0.000000 4600.545410 0.000000 0.307600 0.000000 0.951516 0.287984 0.287984 0.287984
3993.500000 0.000000 4597.124512 0.000000 0.126645 0.000000 0.991948 0.242275 0.242275 0.242275
3995.492920 0.000000 4590.633789 0.000000 0.226440 0.000000 0.974025 0.269598 0.269598 0.269598
3989.960938 0.000000 4592.147461 0.000000 0.878830 0.000000 0.477135 0.403763 0.403763 0.403763
4000.262695 0.000000 4584.803223 0.000000 0.995997 0.000000 -0.089391 0.516536 0.516536 0.516536
3995.753662 0.000000 4593.986328 0.000000 0.981966 0.000000 -0.189057 0.536919 0.536919 0.536919
3988.797852 0.000000 4595.026855 0.000000 0.223877 0.000000 0.974617 0.251518 0.251518 0.251518
3982.173340 0.000000 4598.041016 0.000000 0.197080 0.000000 -0.980387 0.756116 0.756116 0.756116
4001.879883 0.000000 4586.506836 0.000000 0.889998 0.000000 0.455964 0.418442 0.418442 0.418442
3991.975098 0.000000 4586.300781 0.000000 0.998188 0.000000 0.060165 0.489479 0.489479 0.489479
3995.149658 0.000000 4587.334473 0.000000 0.735297 0.000000 0.677745 0.369859 0.369859 0.369859
3985.831299 0.000000 4597.481934 0.000000 0.308427 0.000000 0.951248 0.282638 0.282638 0.282638
3998.895752 0.000000 4588.808594 0.000000 0.511735 0.000000 -0.859143 0.681919 0.681919 0.681919
3997.901123 0.000000 4590.510254 0.000000 0.636199 0.000000 -0.771525 0.668853 0.668853 0.668853
3986.820312 0.000000 4595.138184 0.000000 0.999312 0.000000 0.037080 0.493079 0.493079 0.493079
3980.774170 0.000000 4592.868164 0.000000 0.454762 0.000000 -0.890613 0.694063 0.694063 0.694063
3983.794434 0.000000 4590.551270 0.000000 0.226008 0.000000 0.974126 0.246893 0.246893 0.246893
3987.070068 0.000000 4590.641113 0.000000 0.991214 0.000000 -0.132267 0.528482 0.528482 0.528482
3998.546631 0.000000 4585.355957 0.000000 0.468492 0.000000 -0.883468 0.700118 0.700118 0.700118
3988.658691 0.000000 4588.116699 0.000000 0.653668 0.000000 -0.756781 0.708404 0.708404 0.708404
3993.914795 0.000000 4589.715820 0.000000 0.094871 0.000000 -0.995490 0.803960 0.803960 0.803960
3997.874268 0.000000 4593.933105 0.000000 0.800887 0.000000 0.598815 0.379787 0.379787 0.379787
4001.935059 0.000000 4584.355469 0.000000 0.756850 0.000000 -0.653588 0.631596 0.631596 0.631596
3994.948730 0.000000 4592.444824 0.000000 0.991780 0.000000 -0.127957 0.524906 0.524906 0.524906
3996.934082 0.000000 4583.961426 0.000000 0.809403 0.000000 -0.587254 0.617524 0.617524 0.617524
4001.395508 0.000000 4614.724609 0.000000 0.739606 0.000000 0.673040 0.366366 0.366366 0.366366
3986.087158 0.000000 4592.947754 0.000000 0.624971 0.000000 -0.780648 0.674421 0.674421 0.674421
4000.455078 0.000000 4588.428223 0.000000 0.927693 0.000000 0.373343 0.430509 0.430509 0.430509
3991.775635 0.000000 4588.692383 0.000000 0.978203 0.000000 0.207649 0.457049 0.457049 0.457049
3988.304688 0.000000 4591.592285 0.000000 0.999999 0.000000 -0.001706 0.500362 0.500362 0.500362
3981.393311 0.000000 4601.331543 0.000000 0.925192 0.000000 0.379500 0.428573 0.428573 0.428573
3989.967529 0.000000 4589.153809 0.000000 0.875828 0.000000 -0.482624 0.622280 0.622280 0.622280
3995.164307 0.000000 4588.914062 0.000000 0.734025 0.000000 0.679123 0.358814 0.358814 0.358814
3989.472900 0.000000 4593.515137 0.000000 0.345708 0.000000 0.938342 0.264376 0.264376 0.264376
3978.310059 0.000000 4596.929688 0.000000 0.997780 0.000000 -0.066599 0.512313 0.512313 0.512313
3992.149414 0.000000 4594.240723 0.000000 0.615511 0.000000 0.788128 0.327197 0.327197 0.327197
3995.409180 0.000000 4585.170410 0.000000 0.799847 0.000000 0.600204 0.374239 0.374239 0.374239
3987.042725 0.000000 4591.997070 0.000000 0.556972 0.000000 0.830531 0.289578 0.289578 0.289578
3993.216797 0.000000 4586.744629 0.000000 0.029967 0.000000 0.999551 0.165333 0.165333 0.165333
3989.181396 0.000000 4586.903320 0.000000 0.998430 0.000000 0.056012 0.489297 0.489297 0.489297
4005.175781 0.000000 4582.566406 0.000000 0.337367 0.000000 -0.941373 0.774856 0.774856 0.774856
3994.547363 0.000000 4593.632324 0.000000 0.953123 0.000000 -0.302582 0.559668 0.559668 0.559668
3986.822754 0.000000 4593.909180 0.000000 0.554725 0.000000 0.832034 0.308626 0.308626 0.308626
3992.127686 0.000000 4587.515625 0.000000 0.947722 0.000000 0.319096 0.429459 0.429459 0.429459
3987.898682 0.000000 4589.410645 0.000000 0.181513 0.000000 -0.983389 0.791135 0.791135 0.791135
3992.830566 0.000000 4589.118652 0.000000 0.189395 0.000000 0.981901 0.215717 0.215717 0.215717
4005.208252 0.000000 4583.538086 0.000000 0.896443 0.000000 0.443159 0.397127 0.397127 0.397127
3989.028564 0.000000 4589.023926 0.000000 0.862475 0.000000 0.506099 0.371162 0.371162 0.371162
3989.579590 0.000000 4588.247559 0.000000 0.120542 0.000000 -0.992708 0.852035 0.852035 0.852035
3949.517578 0.000000 4664.759766 0.000000 0.885119 0.000000 -0.465364 0.581570 0.581570 0.581570
3949.191162 0.000000 4630.607422 0.000000 0.503271 0.000000 0.864129 0.330028 0.330028 0.330028
3950.026611 0.000000 4675.024902 0.000000 0.950731 0.000000 -0.310018 0.553315 0.553315 0.553315
3950.333252 0.000000 4672.520996 0.000000 0.620730 0.000000 -0.784024 0.661978 0.661978 0.661978
3946.766357 0.000000 4629.892578 0.000000 0.964818 0.000000 -0.262920 0.545000 0.545000 0.545000
3951.348389 0.000000 4665.514160 0.000000 0.966782 0.000000 0.255601 0.451765 0.451765 0.451765
3948.577881 0.000000 4674.238770 0.000000 0.923231 0.000000 0.384245 0.422462 0.422462 0.422462
3949.279297 0.000000 4676.339844 0.000000 0.923495 0.000000 0.383610 0.424071 0.424071 0.424071
3948.090332 0.000000 4676.973145 0.000000 0.988529 0.000000 0.151034 0.470760 0.470760 0.470760
3953.045410 0.000000 4638.814453 0.000000 0.750401 0.000000 0.660983 0.360732 0.360732 0.360732
3962.580322 0.000000 4722.854980 0.000000 0.569113 0.000000 0.822260 0.312013 0.312013 0.312013
3949.191162 0.000000 4677.849609 0.000000 0.941087 0.000000 -0.338165 0.566530 0.566530 0.566530
3964.455566 0.000000 4716.928711 0.000000 0.004900 0.000000 -0.999988 0.763880 0.763880 0.763880
3967.043457 0.000000 4712.228516 0.000000 0.740428 0.000000 -0.672136 0.625592 0.625592 0.625592
3966.952881 0.000000 4715.671387 0.000000 0.993540 0.000000 -0.113485 0.522005 0.522005 0.522005
3946.766357 0.000000 4677.134766 0.000000 0.856533 0.000000 0.516092 0.401509 0.401509 0.401509
3947.676514 0.000000 4679.363281 0.000000 0.698350 0.000000 -0.715757 0.646874 0.646874 0.646874
3964.435547 0.000000 4718.989746 0.000000 0.741178 0.000000 0.671309 0.361277 0.361277 0.361277
3947.284180 0.000000 4680.925293 0.000000 0.538594 0.000000 -0.842566 0.682618 0.682618 0.682618
3968.713623 0.000000 4676.685059 0.000000 0.088453 0.000000 -0.996080 0.766433 0.766433 0.766433
3980.746826 0.000000 4654.578613 0.000000 0.976719 0.000000 0.214521 0.459113 0.459113 0.459113
3990.791748 0.000000 4641.600098 0.000000 0.998248 0.000000 0.059176 0.489726 0.489726 0.489726
3984.115479 0.000000 4646.860352 0.000000 0.369801 0.000000 -0.929111 0.732863 0.732863 0.732863
3973.196045 0.000000 4654.545898 0.000000 0.997842 0.000000 -0.065668 0.510623 0.510623 0.510623
3976.471191 0.000000 4647.447754 0.000000 0.949392 0.000000 0.314094 0.448751 0.448751 0.448751
3993.283447 0.000000 4635.296875 0.000000 0.153537 0.000000 0.988143 0.248892 0.248892 0.248892
3974.336182 0.000000 4673.496582 0.000000 0.569494 0.000000 0.821995 0.341613 0.341613 0.341613
3985.052490 0.000000 4641.522461 0.000000 0.280703 0.000000 0.959795 0.283242 0.283242 0.283242
3974.829590 0.000000 4669.349121 0.000000 0.739041 0.000000 0.673661 0.371750 0.371750 0.371750
3987.766602 0.000000 4644.142578 0.000000 0.856050 0.000000 0.516893 0.409476 0.409476 0.409476
3975.132324 0.000000 4664.804688 0.000000 0.999276 0.000000 -0.038050 0.506984 0.506984 0.506984
3993.288818 0.000000 4638.918945 0.000000 0.137040 0.000000 0.990566 0.253093 0.253093 0.253093
3982.312012 0.000000 4639.020996 0.000000 0.942751 0.000000 0.333497 0.442066 0.442066 0.442066
3980.053467 0.000000 4657.908203 0.000000 0.734840 0.000000 -0.678241 0.627933 0.627933 0.627933
3972.894775 0.000000 4666.891113 0.000000 0.573188 0.000000 -0.819424 0.667839 0.667839 0.667839
3985.483154 0.000000 4638.677246 0.000000 0.821726 0.000000 -0.569883 0.617321 0.617321 0.617321
3981.136475 0.000000 4647.117188 0.000000 0.997768 0.000000 -0.066777 0.511845 0.511845 0.511845
3993.607910 0.000000 4641.751465 0.000000 0.696055 0.000000 -0.717988 0.641465 0.641465 0.641465
3974.040283 0.000000 4652.173828 0.000000 0.088857 0.000000 0.996044 0.229941 0.229941 0.229941
3991.280029 0.000000 4637.521973 0.000000 0.998786 0.000000 -0.049251 0.508426 0.508426 0.508426
3975.926514 0.000000 4667.098145 0.000000 0.843550 0.000000 0.537050 0.398800 0.398800 0.398800
3978.860107 0.000000 4647.787598 0.000000 0.922934 0.000000 0.384958 0.430449 0.430449 0.430449
3972.628662 0.000000 4670.294434 0.000000 0.751160 0.000000 0.660120 0.375353 0.375353 0.375353
3988.797852 0.000000 4642.269043 0.000000 0.946319 0.000000 -0.323235 0.556494 0.556494 0.556494
3984.030518 0.000000 4639.937012 0.000000 0.999797 0.000000 -0.020157 0.503900 0.503900 0.503900
3993.914795 0.000000 4636.958008 0.000000 0.878364 0.000000 -0.477992 0.590204 0.590204 0.590204
3973.180664 0.000000 4668.677246 0.000000 0.531582 0.000000 -0.847007 0.680347 0.680347 0.680347
3972.448486 0.000000 4676.649902 0.000000 0.948976 0.000000 -0.315347 0.561673 0.561673 0.561673
3975.241455 0.000000 4653.152832 0.000000 0.133958 0.000000 0.990987 0.238213 0.238213 0.238213
3985.942139 0.000000 4647.990234 0.000000 0.785337 0.000000 -0.619069 0.630410 0.630410 0.630410
3989.472900 0.000000 4640.757324 0.000000 0.829703 0.000000 -0.558205 0.608670 0.608670 0.608670
3976.672852 0.000000 4650.707520 0.000000 0.993720 0.000000 0.111897 0.478934 0.478934 0.478934
3985.354492 0.000000 4646.435059 0.000000 0.676397 0.000000 0.736537 0.338259 0.338259 0.338259
3971.291016 0.000000 4687.956055 0.000000 0.718916 0.000000 0.695097 0.358014 0.358014 0.358014
3973.965820 0.000000 4677.221191 0.000000 0.175804 0.000000 0.984425 0.232011 0.232011 0.232011
3971.553955 0.000000 4711.223633 0.000000 0.076393 0.000000 0.997078 0.243517 0.243517 0.243517
3967.518799 0.000000 4719.346191 0.000000 0.990066 0.000000 -0.140605 0.523773 0.523773 0.523773
3971.285645 0.000000 4679.724609 0.000000 0.675225 0.000000 -0.737611 0.642378 0.642378 0.642378
3968.574951 0.000000 4713.285156 0.000000 0.729420 0.000000 -0.684066 0.649986 0.649986 0.649986
3968.592529 0.000000 4677.876465 0.000000 0.841385 0.000000 -0.540436 0.602630 0.602630 0.602630
3973.074707 0.000000 4685.697754 0.000000 0.409814 0.000000 0.912169 0.293547 0.293547 0.293547
3978.478271 0.000000 4707.413574 0.000000 0.000444 0.000000 -1.000000 0.772472 0.772472 0.772472
3967.522705 0.000000 4715.680664 0.000000 0.226915 0.000000 -0.973915 0.759632 0.759632 0.759632
3972.816895 0.000000 4689.838379 0.000000 0.790622 0.000000 0.612305 0.371266 0.371266 0.371266
3971.000977 0.000000 4677.379395 0.000000 0.551142 0.000000 -0.834412 0.696524 0.696524 0.696524
3970.100830 0.000000 4689.981445 0.000000 0.062126 0.000000 0.998068 0.242004 0.242004 0.242004
3976.551758 0.000000 4706.121094 0.000000 0.151930 0.000000 0.988391 0.243292 0.243292 0.243292
3970.682617 0.000000 4713.886230 0.000000 0.880231 0.000000 -0.474545 0.604616 0.604616 0.604616
3971.912109 0.000000 4681.637207 0.000000 0.972791 0.000000 -0.231683 0.540714 0.540714 0.540714
3972.999756 0.000000 4678.903320 0.000000 0.750211 0.000000 0.661199 0.367439 0.367439 0.367439
3973.107178 0.000000 4688.016113 0.000000 0.304509 0.000000 -0.952510 0.746415 0.746415 0.746415
3977.051025 0.000000 4708.436523 0.000000 0.330230 0.000000 -0.943901 0.729562 0.729562 0.729562
3969.347168 0.000000 4679.482910 0.000000 0.778740 0.000000 -0.627346 0.621897 0.621897 0.621897
3969.171143 0.000000 4714.923828 0.000000 0.608939 0.000000 -0.793217 0.668668 0.668668 0.668668
3971.755127 0.000000 4712.767578 0.000000 0.824559 0.000000 -0.565776 0.627240 0.627240 0.627240
3972.528320 0.000000 4710.094238 0.000000 0.936918 0.000000 0.349550 0.430686 0.430686 0.430686
3972.379395 0.000000 4677.599609 0.000000 0.607607 0.000000 -0.794238 0.676423 0.676423 0.676423
3967.570801 0.000000 4714.319336 0.000000 0.771470 0.000000 -0.636265 0.633435 0.633435 0.633435
3969.815430 0.000000 4712.996094 0.000000 0.431595 0.000000 -0.902067 0.723895 0.723895 0.723895
3970.868164 0.000000 4712.128418 0.000000 0.123025 0.000000 0.992404 0.193743 0.193743 0.193743
3971.837158 0.000000 4713.797363 0.000000 0.988979 0.000000 -0.148056 0.531442 0.531442 0.531442
3959.215088 0.000000 4731.619629 0.000000 0.692683 0.000000 -0.721242 0.633242 0.633242 0.633242
3961.870605 0.000000 4727.858887 0.000000 0.999980 0.000000 -0.006338 0.501222 0.501222 0.501222
3961.640137 0.000000 4730.764648 0.000000 0.427229 0.000000 -0.904144 0.692433 0.692433 0.692433
3962.420654 0.000000 4725.156250 0.000000 0.808828 0.000000 0.588045 0.394063 0.394063 0.394063
3959.202393 0.000000 4729.065918 0.000000 0.665130 0.000000 -0.746727 0.646291 0.646291 0.646291
3960.966309 0.000000 4729.241699 0.000000 0.684468 0.000000 0.729043 0.351627 0.351627 0.351627
3961.211426 0.000000 4726.256348 0.000000 0.095696 0.000000 -0.995411 0.784457 0.784457 0.784457
"}
