object={
	name="tree_fern_generator_1_0"
	render_pass=Map
	clamp_to_water_level=no
	generated_content=yes
	layer="tree_high_layer"
	pdxmesh="tree_fern_01_a_mesh"
	count=82
	transform="294.204742 0.000000 1478.816772 0.000000 0.020924 0.000000 0.999781 1.000000 1.000000 1.000000
273.075745 0.000000 1506.969604 0.000000 0.694543 0.000000 0.719451 1.000000 1.000000 1.000000
298.831177 0.000000 1491.491089 0.000000 0.154358 0.000000 0.988015 1.000000 1.000000 1.000000
3676.546387 0.000000 832.064575 0.000000 0.432242 0.000000 0.901758 1.000000 1.000000 1.000000
3678.494385 0.000000 849.106628 0.000000 0.429241 0.000000 0.903190 1.000000 1.000000 1.000000
3684.808350 0.000000 839.095581 0.000000 0.306949 0.000000 0.951726 1.000000 1.000000 1.000000
3679.981689 0.000000 849.726257 0.000000 0.524916 0.000000 0.851154 1.000000 1.000000 1.000000
3708.486816 0.000000 890.311279 0.000000 0.493105 0.000000 0.869970 1.000000 1.000000 1.000000
3695.253906 0.000000 888.192200 0.000000 0.664427 0.000000 0.747353 1.000000 1.000000 1.000000
3690.858643 0.000000 866.350830 0.000000 0.035273 0.000000 0.999378 1.000000 1.000000 1.000000
3668.836914 0.000000 862.893677 0.000000 0.245710 0.000000 0.969343 1.000000 1.000000 1.000000
3671.729004 0.000000 860.625732 0.000000 0.546509 0.000000 0.837453 1.000000 1.000000 1.000000
3682.915039 0.000000 868.174072 0.000000 0.666474 0.000000 0.745528 1.000000 1.000000 1.000000
3708.932861 0.000000 897.804199 0.000000 0.363327 0.000000 0.931661 1.000000 1.000000 1.000000
3705.901855 0.000000 901.241089 0.000000 0.687149 0.000000 0.726516 1.000000 1.000000 1.000000
3766.456543 0.000000 909.555054 0.000000 0.651002 0.000000 0.759076 1.000000 1.000000 1.000000
3722.987305 0.000000 908.302856 0.000000 0.065588 0.000000 0.997847 1.000000 1.000000 1.000000
3717.227295 0.000000 922.412537 0.000000 0.246647 0.000000 0.969105 1.000000 1.000000 1.000000
3724.876221 0.000000 937.464844 0.000000 0.227160 0.000000 0.973857 1.000000 1.000000 1.000000
3733.805176 0.000000 927.319885 0.000000 0.405399 0.000000 0.914140 1.000000 1.000000 1.000000
3725.741455 0.000000 909.902100 0.000000 0.297350 0.000000 0.954768 1.000000 1.000000 1.000000
3713.992432 0.000000 918.217834 0.000000 0.675403 0.000000 0.737449 1.000000 1.000000 1.000000
3750.981445 0.000000 901.081177 0.000000 0.376626 0.000000 0.926365 1.000000 1.000000 1.000000
3769.453125 0.000000 921.918518 0.000000 0.142673 0.000000 0.989770 1.000000 1.000000 1.000000
3739.877197 0.000000 916.161194 0.000000 0.599703 0.000000 0.800223 1.000000 1.000000 1.000000
3759.053711 0.000000 903.980835 0.000000 0.641068 0.000000 0.767484 1.000000 1.000000 1.000000
3733.417236 0.000000 925.134338 0.000000 0.547463 0.000000 0.836830 1.000000 1.000000 1.000000
3730.382568 0.000000 941.413879 0.000000 0.550849 0.000000 0.834605 1.000000 1.000000 1.000000
3763.839844 0.000000 914.765015 0.000000 0.029070 0.000000 0.999577 1.000000 1.000000 1.000000
3714.197754 0.000000 920.677612 0.000000 0.610392 0.000000 0.792100 1.000000 1.000000 1.000000
3752.507080 0.000000 901.049438 0.000000 0.552123 0.000000 0.833762 1.000000 1.000000 1.000000
3781.752930 0.000000 927.193909 0.000000 0.160029 0.000000 0.987112 1.000000 1.000000 1.000000
3775.636230 0.000000 926.060181 0.000000 0.458069 0.000000 0.888917 1.000000 1.000000 1.000000
3837.216797 0.000000 1006.805115 0.000000 0.443000 0.000000 0.896522 1.000000 1.000000 1.000000
279.888458 0.000000 1533.006592 0.000000 0.111960 0.000000 0.993713 1.000000 1.000000 1.000000
331.402679 0.000000 1560.687866 0.000000 0.595070 0.000000 0.803674 1.000000 1.000000 1.000000
333.142578 0.000000 1603.087280 0.000000 0.135546 0.000000 0.990771 1.000000 1.000000 1.000000
339.076996 0.000000 1575.897217 0.000000 0.550777 0.000000 0.834652 1.000000 1.000000 1.000000
333.219360 0.000000 1569.367676 0.000000 0.685301 0.000000 0.728260 1.000000 1.000000 1.000000
329.062531 0.000000 1606.283447 0.000000 0.488191 0.000000 0.872737 1.000000 1.000000 1.000000
365.762665 0.000000 1674.940430 0.000000 0.698359 0.000000 0.715748 1.000000 1.000000 1.000000
362.823395 0.000000 1680.459839 0.000000 0.148401 0.000000 0.988927 1.000000 1.000000 1.000000
363.465820 0.000000 1677.294800 0.000000 0.290679 0.000000 0.956821 1.000000 1.000000 1.000000
419.089478 0.000000 1993.862915 0.000000 0.565467 0.000000 0.824771 1.000000 1.000000 1.000000
393.516235 0.000000 2035.690918 0.000000 0.353315 0.000000 0.935504 1.000000 1.000000 1.000000
372.840515 0.000000 2079.197510 0.000000 0.228224 0.000000 0.973609 1.000000 1.000000 1.000000
379.186676 0.000000 2139.096924 0.000000 0.405128 0.000000 0.914260 1.000000 1.000000 1.000000
381.638367 0.000000 2140.617920 0.000000 0.058690 0.000000 0.998276 1.000000 1.000000 1.000000
4189.872070 0.000000 692.239380 0.000000 0.479707 0.000000 0.877429 1.000000 1.000000 1.000000
4214.402344 0.000000 720.586304 0.000000 0.696130 0.000000 0.717915 1.000000 1.000000 1.000000
4185.169922 0.000000 747.153564 0.000000 0.454603 0.000000 0.890694 1.000000 1.000000 1.000000
4211.612793 0.000000 717.971558 0.000000 0.598831 0.000000 0.800875 1.000000 1.000000 1.000000
4203.368652 0.000000 744.439026 0.000000 0.664319 0.000000 0.747449 1.000000 1.000000 1.000000
4219.338379 0.000000 724.419861 0.000000 0.310099 0.000000 0.950704 1.000000 1.000000 1.000000
4244.815430 0.000000 716.290771 0.000000 0.267818 0.000000 0.963469 1.000000 1.000000 1.000000
4223.784180 0.000000 722.245911 0.000000 0.451134 0.000000 0.892456 1.000000 1.000000 1.000000
4243.920898 0.000000 712.517944 0.000000 0.403526 0.000000 0.914968 1.000000 1.000000 1.000000
4243.777832 0.000000 719.233826 0.000000 0.350537 0.000000 0.936549 1.000000 1.000000 1.000000
4223.491699 0.000000 747.336731 0.000000 0.570498 0.000000 0.821299 1.000000 1.000000 1.000000
4180.823242 0.000000 763.532959 0.000000 0.086579 0.000000 0.996245 1.000000 1.000000 1.000000
4163.603027 0.000000 773.678833 0.000000 0.450704 0.000000 0.892673 1.000000 1.000000 1.000000
4202.613770 0.000000 764.041260 0.000000 0.337070 0.000000 0.941480 1.000000 1.000000 1.000000
5630.547852 0.000000 2880.334229 0.000000 0.675287 0.000000 0.737555 1.000000 1.000000 1.000000
5625.155762 0.000000 2898.179443 0.000000 0.288945 0.000000 0.957346 1.000000 1.000000 1.000000
5624.432617 0.000000 2899.876709 0.000000 0.068962 0.000000 0.997619 1.000000 1.000000 1.000000
5672.136719 0.000000 2891.175781 0.000000 0.068391 0.000000 0.997659 1.000000 1.000000 1.000000
5639.168945 0.000000 2912.758057 0.000000 0.530884 0.000000 0.847444 1.000000 1.000000 1.000000
5681.922363 0.000000 2905.268555 0.000000 0.108913 0.000000 0.994051 1.000000 1.000000 1.000000
5636.117188 0.000000 2913.265869 0.000000 0.078517 0.000000 0.996913 1.000000 1.000000 1.000000
5631.349121 0.000000 2881.811035 0.000000 0.412547 0.000000 0.910936 1.000000 1.000000 1.000000
6525.694824 0.000000 2480.580322 0.000000 0.121434 0.000000 0.992599 1.000000 1.000000 1.000000
6517.563477 0.000000 2492.136719 0.000000 0.358292 0.000000 0.933610 1.000000 1.000000 1.000000
6506.454102 0.000000 2503.993896 0.000000 0.618595 0.000000 0.785710 1.000000 1.000000 1.000000
6519.347656 0.000000 2506.297607 0.000000 0.055931 0.000000 0.998435 1.000000 1.000000 1.000000
3835.883545 0.000000 3524.199707 0.000000 0.387181 0.000000 0.922004 1.000000 1.000000 1.000000
3878.803711 0.000000 3531.720947 0.000000 0.523074 0.000000 0.852287 1.000000 1.000000 1.000000
3917.257324 0.000000 3529.591553 0.000000 0.501180 0.000000 0.865343 1.000000 1.000000 1.000000
3932.853027 0.000000 3549.330078 0.000000 0.316562 0.000000 0.948572 1.000000 1.000000 1.000000
3932.716797 0.000000 3546.258057 0.000000 0.673403 0.000000 0.739276 1.000000 1.000000 1.000000
3929.380615 0.000000 3543.266113 0.000000 0.233114 0.000000 0.972449 1.000000 1.000000 1.000000
3926.478760 0.000000 3543.184326 0.000000 0.617927 0.000000 0.786235 1.000000 1.000000 1.000000
6546.380371 0.000000 3061.180420 0.000000 0.609301 0.000000 0.792939 1.000000 1.000000 1.000000
"}
object={
	name="tree_fern_generator_1_1"
	render_pass=Map
	clamp_to_water_level=no
	generated_content=yes
	layer="tree_high_layer"
	pdxmesh="tree_fern_01_b_mesh"
	count=77
	transform="292.957123 0.000000 1493.736206 0.000000 0.854946 0.000000 0.518717 1.000000 1.000000 1.000000
295.240875 0.000000 1500.306763 0.000000 0.995782 0.000000 0.091751 1.000000 1.000000 1.000000
295.082825 0.000000 1496.641113 0.000000 0.918409 0.000000 0.395633 1.000000 1.000000 1.000000
3676.791748 0.000000 835.944824 0.000000 0.957075 0.000000 0.289840 1.000000 1.000000 1.000000
3681.490967 0.000000 848.605469 0.000000 0.922620 0.000000 0.385709 1.000000 1.000000 1.000000
3677.934082 0.000000 833.965942 0.000000 0.956957 0.000000 0.290231 1.000000 1.000000 1.000000
3668.885254 0.000000 858.017334 0.000000 0.906267 0.000000 0.422705 1.000000 1.000000 1.000000
3694.057861 0.000000 895.649353 0.000000 0.941787 0.000000 0.336211 1.000000 1.000000 1.000000
3683.443848 0.000000 892.889221 0.000000 0.987124 0.000000 0.159957 1.000000 1.000000 1.000000
3695.497314 0.000000 866.058533 0.000000 0.939679 0.000000 0.342056 1.000000 1.000000 1.000000
3682.972168 0.000000 866.414185 0.000000 0.785893 0.000000 0.618363 1.000000 1.000000 1.000000
3676.421143 0.000000 872.362183 0.000000 0.967302 0.000000 0.253629 1.000000 1.000000 1.000000
3706.584473 0.000000 890.951599 0.000000 0.981200 0.000000 0.192993 1.000000 1.000000 1.000000
3677.913330 0.000000 861.799744 0.000000 0.999450 0.000000 0.033173 1.000000 1.000000 1.000000
3711.327393 0.000000 909.928101 0.000000 0.999999 0.000000 0.001377 1.000000 1.000000 1.000000
3706.780518 0.000000 910.799866 0.000000 0.784728 0.000000 0.619840 1.000000 1.000000 1.000000
3705.242676 0.000000 899.638916 0.000000 0.933465 0.000000 0.358668 1.000000 1.000000 1.000000
3735.946533 0.000000 899.378052 0.000000 0.989211 0.000000 0.146500 1.000000 1.000000 1.000000
3763.667236 0.000000 906.940308 0.000000 0.999359 0.000000 0.035808 1.000000 1.000000 1.000000
3753.682861 0.000000 899.888733 0.000000 0.782169 0.000000 0.623066 1.000000 1.000000 1.000000
3740.876465 0.000000 903.767273 0.000000 0.884699 0.000000 0.466163 1.000000 1.000000 1.000000
3752.163574 0.000000 903.527588 0.000000 0.854388 0.000000 0.519635 1.000000 1.000000 1.000000
3715.644775 0.000000 919.987732 0.000000 0.934033 0.000000 0.357187 1.000000 1.000000 1.000000
3724.805420 0.000000 907.977051 0.000000 0.805687 0.000000 0.592341 1.000000 1.000000 1.000000
3725.390137 0.000000 911.586182 0.000000 0.876601 0.000000 0.481218 1.000000 1.000000 1.000000
3725.199707 0.000000 932.629211 0.000000 0.999668 0.000000 0.025778 1.000000 1.000000 1.000000
3779.762939 0.000000 926.334961 0.000000 0.958841 0.000000 0.283943 1.000000 1.000000 1.000000
242.585968 0.000000 1535.244873 0.000000 0.998355 0.000000 0.057332 1.000000 1.000000 1.000000
262.493286 0.000000 1581.431274 0.000000 0.998298 0.000000 0.058323 1.000000 1.000000 1.000000
330.067169 0.000000 1600.770020 0.000000 0.991547 0.000000 0.129750 1.000000 1.000000 1.000000
336.303375 0.000000 1573.234863 0.000000 0.969269 0.000000 0.246003 1.000000 1.000000 1.000000
330.775330 0.000000 1567.378540 0.000000 0.999965 0.000000 0.008310 1.000000 1.000000 1.000000
335.845520 0.000000 1571.575562 0.000000 0.879007 0.000000 0.476809 1.000000 1.000000 1.000000
359.923737 0.000000 1681.624634 0.000000 0.820220 0.000000 0.572048 1.000000 1.000000 1.000000
393.402557 0.000000 2033.581177 0.000000 0.748212 0.000000 0.663460 1.000000 1.000000 1.000000
4220.276855 0.000000 691.879211 0.000000 0.965176 0.000000 0.261602 1.000000 1.000000 1.000000
4199.910645 0.000000 686.035156 0.000000 0.994761 0.000000 0.102226 1.000000 1.000000 1.000000
4219.165039 0.000000 695.715210 0.000000 0.729268 0.000000 0.684228 1.000000 1.000000 1.000000
4220.599609 0.000000 698.427917 0.000000 0.885894 0.000000 0.463888 1.000000 1.000000 1.000000
4218.109863 0.000000 697.981079 0.000000 0.987443 0.000000 0.157975 1.000000 1.000000 1.000000
4196.915527 0.000000 685.528259 0.000000 0.956325 0.000000 0.292304 1.000000 1.000000 1.000000
4218.219727 0.000000 693.320496 0.000000 0.953246 0.000000 0.302194 1.000000 1.000000 1.000000
4202.975098 0.000000 702.313538 0.000000 0.953587 0.000000 0.301118 1.000000 1.000000 1.000000
4209.350586 0.000000 726.994507 0.000000 0.999790 0.000000 0.020512 1.000000 1.000000 1.000000
4221.169922 0.000000 723.351990 0.000000 0.951113 0.000000 0.308844 1.000000 1.000000 1.000000
4186.857910 0.000000 749.616577 0.000000 0.937219 0.000000 0.348742 1.000000 1.000000 1.000000
4197.341309 0.000000 716.850281 0.000000 0.905255 0.000000 0.424868 1.000000 1.000000 1.000000
4210.276367 0.000000 724.522705 0.000000 0.951239 0.000000 0.308454 1.000000 1.000000 1.000000
4226.420898 0.000000 747.703003 0.000000 0.972267 0.000000 0.233873 1.000000 1.000000 1.000000
4215.184082 0.000000 763.275391 0.000000 0.987222 0.000000 0.159351 1.000000 1.000000 1.000000
4171.534180 0.000000 762.179443 0.000000 0.999610 0.000000 0.027931 1.000000 1.000000 1.000000
4167.144043 0.000000 767.890381 0.000000 0.798682 0.000000 0.601754 1.000000 1.000000 1.000000
4211.612793 0.000000 765.213745 0.000000 0.924525 0.000000 0.381121 1.000000 1.000000 1.000000
4179.785645 0.000000 766.476013 0.000000 0.897496 0.000000 0.441023 1.000000 1.000000 1.000000
4181.937988 0.000000 765.529846 0.000000 0.972451 0.000000 0.233107 1.000000 1.000000 1.000000
4206.999023 0.000000 762.254272 0.000000 0.725046 0.000000 0.688700 1.000000 1.000000 1.000000
4261.517578 0.000000 766.898865 0.000000 0.720959 0.000000 0.692978 1.000000 1.000000 1.000000
5628.698730 0.000000 2881.976318 0.000000 0.896691 0.000000 0.442658 1.000000 1.000000 1.000000
5632.330566 0.000000 2904.694824 0.000000 0.948044 0.000000 0.318140 1.000000 1.000000 1.000000
5635.536621 0.000000 2910.507080 0.000000 0.993962 0.000000 0.109726 1.000000 1.000000 1.000000
5665.930664 0.000000 2887.997314 0.000000 0.721858 0.000000 0.692041 1.000000 1.000000 1.000000
5635.530762 0.000000 2908.336670 0.000000 0.872118 0.000000 0.489295 1.000000 1.000000 1.000000
6522.044434 0.000000 2483.296143 0.000000 0.986210 0.000000 0.165497 1.000000 1.000000 1.000000
6516.039551 0.000000 2493.590332 0.000000 0.907860 0.000000 0.419273 1.000000 1.000000 1.000000
6510.766602 0.000000 2503.776123 0.000000 0.979245 0.000000 0.202681 1.000000 1.000000 1.000000
6521.558594 0.000000 2507.475586 0.000000 0.966994 0.000000 0.254799 1.000000 1.000000 1.000000
6528.190918 0.000000 2511.920410 0.000000 0.796428 0.000000 0.604733 1.000000 1.000000 1.000000
6529.705566 0.000000 2912.895752 0.000000 0.995706 0.000000 0.092577 1.000000 1.000000 1.000000
552.355469 0.000000 3237.113525 0.000000 0.998890 0.000000 0.047098 1.000000 1.000000 1.000000
533.497681 0.000000 3230.366699 0.000000 0.891975 0.000000 0.452084 1.000000 1.000000 1.000000
3836.987793 0.000000 3518.078857 0.000000 0.991995 0.000000 0.126280 1.000000 1.000000 1.000000
3864.473633 0.000000 3522.820068 0.000000 0.885636 0.000000 0.464381 1.000000 1.000000 1.000000
3883.948486 0.000000 3530.027100 0.000000 0.974941 0.000000 0.222465 1.000000 1.000000 1.000000
3927.745117 0.000000 3542.107178 0.000000 0.937056 0.000000 0.349179 1.000000 1.000000 1.000000
6586.331055 0.000000 3129.338867 0.000000 0.955574 0.000000 0.294751 1.000000 1.000000 1.000000
6586.915039 0.000000 3127.481201 0.000000 0.998238 0.000000 0.059340 1.000000 1.000000 1.000000
6626.612793 0.000000 3134.039307 0.000000 0.884950 0.000000 0.465685 1.000000 1.000000 1.000000
"}
object={
	name="tree_fern_generator_1_2"
	render_pass=Map
	clamp_to_water_level=no
	generated_content=yes
	layer="tree_high_layer"
	pdxmesh="tree_fern_01_c_mesh"
	count=82
	transform="291.151367 0.000000 1477.553101 0.000000 0.951022 0.000000 -0.309123 1.000000 1.000000 1.000000
295.931519 0.000000 1492.655884 0.000000 0.831960 0.000000 -0.554836 1.000000 1.000000 1.000000
293.887390 0.000000 1491.068848 0.000000 0.943971 0.000000 -0.330029 1.000000 1.000000 1.000000
3644.940674 0.000000 425.382263 0.000000 0.820442 0.000000 -0.571730 1.000000 1.000000 1.000000
3690.075439 0.000000 837.220093 0.000000 0.999962 0.000000 -0.008665 1.000000 1.000000 1.000000
3665.938232 0.000000 824.907654 0.000000 0.866333 0.000000 -0.499466 1.000000 1.000000 1.000000
3681.341553 0.000000 890.361450 0.000000 0.781478 0.000000 -0.623933 1.000000 1.000000 1.000000
3670.830811 0.000000 862.224792 0.000000 0.997365 0.000000 -0.072545 1.000000 1.000000 1.000000
3689.530273 0.000000 889.466980 0.000000 0.996522 0.000000 -0.083332 1.000000 1.000000 1.000000
3689.200928 0.000000 863.308350 0.000000 0.898629 0.000000 -0.438710 1.000000 1.000000 1.000000
3692.453613 0.000000 868.186462 0.000000 0.989406 0.000000 -0.145178 1.000000 1.000000 1.000000
3706.598633 0.000000 892.973694 0.000000 0.983137 0.000000 -0.182872 1.000000 1.000000 1.000000
3677.007080 0.000000 875.780945 0.000000 0.895244 0.000000 -0.445575 1.000000 1.000000 1.000000
3694.364502 0.000000 893.145386 0.000000 0.973134 0.000000 -0.230238 1.000000 1.000000 1.000000
3671.319092 0.000000 858.146423 0.000000 0.863886 0.000000 -0.503687 1.000000 1.000000 1.000000
3683.973633 0.000000 871.042114 0.000000 0.818103 0.000000 -0.575072 1.000000 1.000000 1.000000
3690.566650 0.000000 864.565308 0.000000 0.991457 0.000000 -0.130433 1.000000 1.000000 1.000000
3679.046875 0.000000 859.926636 0.000000 0.910937 0.000000 -0.412546 1.000000 1.000000 1.000000
3710.318115 0.000000 906.754089 0.000000 0.999753 0.000000 -0.022206 1.000000 1.000000 1.000000
3704.592529 0.000000 910.174927 0.000000 0.989535 0.000000 -0.144294 1.000000 1.000000 1.000000
3711.550049 0.000000 892.728394 0.000000 0.925654 0.000000 -0.378372 1.000000 1.000000 1.000000
3722.358643 0.000000 934.488220 0.000000 0.766444 0.000000 -0.642311 1.000000 1.000000 1.000000
3732.741943 0.000000 930.476196 0.000000 0.795167 0.000000 -0.606390 1.000000 1.000000 1.000000
3715.322266 0.000000 908.580505 0.000000 0.943196 0.000000 -0.332238 1.000000 1.000000 1.000000
3730.757568 0.000000 925.804260 0.000000 0.960818 0.000000 -0.277180 1.000000 1.000000 1.000000
3715.205566 0.000000 904.145020 0.000000 0.991048 0.000000 -0.133509 1.000000 1.000000 1.000000
3764.131836 0.000000 916.588318 0.000000 0.988478 0.000000 -0.151363 1.000000 1.000000 1.000000
3758.888916 0.000000 916.665222 0.000000 0.748018 0.000000 -0.663678 1.000000 1.000000 1.000000
3761.463135 0.000000 907.934021 0.000000 0.929204 0.000000 -0.369567 1.000000 1.000000 1.000000
3768.584717 0.000000 910.174927 0.000000 0.936134 0.000000 -0.351644 1.000000 1.000000 1.000000
3774.037598 0.000000 926.919312 0.000000 0.877212 0.000000 -0.480103 1.000000 1.000000 1.000000
3729.862549 0.000000 912.590942 0.000000 0.974943 0.000000 -0.222453 1.000000 1.000000 1.000000
3768.628418 0.000000 918.064880 0.000000 0.891027 0.000000 -0.453950 1.000000 1.000000 1.000000
3754.598389 0.000000 900.602295 0.000000 0.996377 0.000000 -0.085043 1.000000 1.000000 1.000000
3790.335449 0.000000 906.887695 0.000000 0.999281 0.000000 -0.037907 1.000000 1.000000 1.000000
3793.506592 0.000000 906.544128 0.000000 0.978072 0.000000 -0.208269 1.000000 1.000000 1.000000
3840.729248 0.000000 991.794189 0.000000 0.755233 0.000000 -0.655457 1.000000 1.000000 1.000000
242.219574 0.000000 1603.028931 0.000000 0.958775 0.000000 -0.284167 1.000000 1.000000 1.000000
244.041367 0.000000 1600.475464 0.000000 0.982787 0.000000 -0.184741 1.000000 1.000000 1.000000
329.524048 0.000000 1563.269043 0.000000 0.836131 0.000000 -0.548529 1.000000 1.000000 1.000000
334.155334 0.000000 1571.292725 0.000000 0.822818 0.000000 -0.568304 1.000000 1.000000 1.000000
330.953064 0.000000 1602.828491 0.000000 0.934247 0.000000 -0.356626 1.000000 1.000000 1.000000
362.257080 0.000000 1678.704834 0.000000 0.998927 0.000000 -0.046316 1.000000 1.000000 1.000000
395.394867 0.000000 2033.109741 0.000000 0.991193 0.000000 -0.132425 1.000000 1.000000 1.000000
367.659943 0.000000 2116.489258 0.000000 0.942707 0.000000 -0.333623 1.000000 1.000000 1.000000
383.733398 0.000000 2138.225098 0.000000 0.996218 0.000000 -0.086889 1.000000 1.000000 1.000000
4201.468262 0.000000 700.498230 0.000000 0.715328 0.000000 -0.698789 1.000000 1.000000 1.000000
4211.994629 0.000000 696.188904 0.000000 0.717702 0.000000 -0.696350 1.000000 1.000000 1.000000
4207.191406 0.000000 699.223450 0.000000 0.805481 0.000000 -0.592621 1.000000 1.000000 1.000000
4197.411133 0.000000 687.951599 0.000000 0.999951 0.000000 -0.009895 1.000000 1.000000 1.000000
4190.731445 0.000000 690.245361 0.000000 0.925878 0.000000 -0.377822 1.000000 1.000000 1.000000
4215.357910 0.000000 701.108459 0.000000 0.831037 0.000000 -0.556216 1.000000 1.000000 1.000000
4200.469238 0.000000 699.323120 0.000000 0.860530 0.000000 -0.509400 1.000000 1.000000 1.000000
4218.549316 0.000000 754.510681 0.000000 0.779990 0.000000 -0.625793 1.000000 1.000000 1.000000
4222.921875 0.000000 747.327148 0.000000 0.996310 0.000000 -0.085822 1.000000 1.000000 1.000000
4213.895508 0.000000 718.244141 0.000000 0.999979 0.000000 -0.006544 1.000000 1.000000 1.000000
4191.825684 0.000000 741.393860 0.000000 0.875713 0.000000 -0.482832 1.000000 1.000000 1.000000
4195.625488 0.000000 719.938599 0.000000 0.747684 0.000000 -0.664055 1.000000 1.000000 1.000000
4228.597656 0.000000 701.950439 0.000000 0.959051 0.000000 -0.283234 1.000000 1.000000 1.000000
4225.845215 0.000000 724.039062 0.000000 0.984853 0.000000 -0.173392 1.000000 1.000000 1.000000
4242.934082 0.000000 714.806030 0.000000 0.987414 0.000000 -0.158155 1.000000 1.000000 1.000000
4243.039062 0.000000 716.781067 0.000000 0.998689 0.000000 -0.051196 1.000000 1.000000 1.000000
4164.793457 0.000000 768.736267 0.000000 0.983701 0.000000 -0.179813 1.000000 1.000000 1.000000
5620.038086 0.000000 2895.097900 0.000000 0.984466 0.000000 -0.175573 1.000000 1.000000 1.000000
5620.775391 0.000000 2896.175049 0.000000 0.780475 0.000000 -0.625187 1.000000 1.000000 1.000000
5637.526367 0.000000 2911.365967 0.000000 0.919645 0.000000 -0.392751 1.000000 1.000000 1.000000
5684.105957 0.000000 2905.263184 0.000000 0.995302 0.000000 -0.096823 1.000000 1.000000 1.000000
6522.883789 0.000000 2490.918457 0.000000 0.995530 0.000000 -0.094441 1.000000 1.000000 1.000000
6512.172363 0.000000 2497.885254 0.000000 0.796150 0.000000 -0.605099 1.000000 1.000000 1.000000
6524.233398 0.000000 2482.590088 0.000000 0.997658 0.000000 -0.068395 1.000000 1.000000 1.000000
6527.572266 0.000000 2912.130859 0.000000 0.920320 0.000000 -0.391167 1.000000 1.000000 1.000000
3860.726318 0.000000 3528.796631 0.000000 0.989221 0.000000 -0.146430 1.000000 1.000000 1.000000
3890.074951 0.000000 3523.163330 0.000000 0.934730 0.000000 -0.355359 1.000000 1.000000 1.000000
3882.052002 0.000000 3530.024902 0.000000 0.987712 0.000000 -0.156282 1.000000 1.000000 1.000000
3878.645508 0.000000 3528.055420 0.000000 0.883309 0.000000 -0.468791 1.000000 1.000000 1.000000
3862.387451 0.000000 3531.269043 0.000000 0.890173 0.000000 -0.455622 1.000000 1.000000 1.000000
3883.407715 0.000000 3531.728271 0.000000 0.717843 0.000000 -0.696205 1.000000 1.000000 1.000000
3879.862549 0.000000 3529.907715 0.000000 0.715919 0.000000 -0.698183 1.000000 1.000000 1.000000
3855.832031 0.000000 3528.495117 0.000000 0.999499 0.000000 -0.031652 1.000000 1.000000 1.000000
3945.631836 0.000000 3542.612549 0.000000 0.832505 0.000000 -0.554017 1.000000 1.000000 1.000000
3945.659424 0.000000 3545.451416 0.000000 0.991453 0.000000 -0.130466 1.000000 1.000000 1.000000
6564.810059 0.000000 3074.443848 0.000000 0.791779 0.000000 -0.610807 1.000000 1.000000 1.000000
"}
object={
	name="tree_fern_generator_1_3"
	render_pass=Map
	clamp_to_water_level=no
	generated_content=yes
	layer="tree_high_layer"
	pdxmesh="tree_fern_01_d_mesh"
	count=90
	transform="290.350861 0.000000 1498.580444 0.000000 0.523646 0.000000 -0.851936 1.000000 1.000000 1.000000
297.803925 0.000000 1493.230225 0.000000 0.657541 0.000000 -0.753419 1.000000 1.000000 1.000000
294.654388 0.000000 1493.773071 0.000000 0.083336 0.000000 -0.996521 1.000000 1.000000 1.000000
294.724670 0.000000 1495.292725 0.000000 0.020528 0.000000 -0.999789 1.000000 1.000000 1.000000
3680.189697 0.000000 833.794189 0.000000 0.354674 0.000000 -0.934990 1.000000 1.000000 1.000000
3689.171143 0.000000 839.628784 0.000000 0.063722 0.000000 -0.997968 1.000000 1.000000 1.000000
3679.887695 0.000000 835.878235 0.000000 0.396134 0.000000 -0.918193 1.000000 1.000000 1.000000
3676.831787 0.000000 820.841125 0.000000 0.596332 0.000000 -0.802738 1.000000 1.000000 1.000000
3677.230469 0.000000 860.198730 0.000000 0.704825 0.000000 -0.709382 1.000000 1.000000 1.000000
3690.075439 0.000000 884.462280 0.000000 0.519475 0.000000 -0.854486 1.000000 1.000000 1.000000
3709.634521 0.000000 893.942810 0.000000 0.703979 0.000000 -0.710221 1.000000 1.000000 1.000000
3679.916992 0.000000 858.454834 0.000000 0.190559 0.000000 -0.981676 1.000000 1.000000 1.000000
3679.931152 0.000000 861.986755 0.000000 0.416336 0.000000 -0.909211 1.000000 1.000000 1.000000
3696.515869 0.000000 891.650696 0.000000 0.152806 0.000000 -0.988256 1.000000 1.000000 1.000000
3694.896729 0.000000 869.423035 0.000000 0.018895 0.000000 -0.999821 1.000000 1.000000 1.000000
3689.171143 0.000000 886.870972 0.000000 0.443185 0.000000 -0.896430 1.000000 1.000000 1.000000
3688.348877 0.000000 891.564941 0.000000 0.575064 0.000000 -0.818108 1.000000 1.000000 1.000000
3670.000000 0.000000 860.014221 0.000000 0.290146 0.000000 -0.956982 1.000000 1.000000 1.000000
3693.528809 0.000000 866.448486 0.000000 0.022690 0.000000 -0.999743 1.000000 1.000000 1.000000
3708.466797 0.000000 892.371887 0.000000 0.073800 0.000000 -0.997273 1.000000 1.000000 1.000000
3682.212646 0.000000 870.344238 0.000000 0.415219 0.000000 -0.909721 1.000000 1.000000 1.000000
3674.987793 0.000000 860.311707 0.000000 0.421845 0.000000 -0.906668 1.000000 1.000000 1.000000
3691.571533 0.000000 889.723022 0.000000 0.432656 0.000000 -0.901559 1.000000 1.000000 1.000000
3669.511963 0.000000 861.381958 0.000000 0.184230 0.000000 -0.982883 1.000000 1.000000 1.000000
3700.272461 0.000000 910.925842 0.000000 0.702772 0.000000 -0.711415 1.000000 1.000000 1.000000
3708.466797 0.000000 939.614075 0.000000 0.130858 0.000000 -0.991401 1.000000 1.000000 1.000000
3701.070068 0.000000 908.669373 0.000000 0.377556 0.000000 -0.925987 1.000000 1.000000 1.000000
3725.361816 0.000000 897.290039 0.000000 0.543208 0.000000 -0.839598 1.000000 1.000000 1.000000
3711.550049 0.000000 939.970581 0.000000 0.284918 0.000000 -0.958552 1.000000 1.000000 1.000000
3759.910889 0.000000 901.795593 0.000000 0.086218 0.000000 -0.996276 1.000000 1.000000 1.000000
3737.320068 0.000000 906.785583 0.000000 0.182543 0.000000 -0.983198 1.000000 1.000000 1.000000
3745.069824 0.000000 916.016724 0.000000 0.651962 0.000000 -0.758252 1.000000 1.000000 1.000000
3712.549805 0.000000 908.534912 0.000000 0.308051 0.000000 -0.951370 1.000000 1.000000 1.000000
3731.863525 0.000000 923.442566 0.000000 0.508953 0.000000 -0.860794 1.000000 1.000000 1.000000
3718.071533 0.000000 920.040588 0.000000 0.230123 0.000000 -0.973161 1.000000 1.000000 1.000000
3714.759033 0.000000 906.422791 0.000000 0.433833 0.000000 -0.900993 1.000000 1.000000 1.000000
3724.242432 0.000000 935.355652 0.000000 0.116094 0.000000 -0.993238 1.000000 1.000000 1.000000
3741.932373 0.000000 905.619141 0.000000 0.694112 0.000000 -0.719867 1.000000 1.000000 1.000000
3755.307617 0.000000 901.549866 0.000000 0.539948 0.000000 -0.841698 1.000000 1.000000 1.000000
3758.464355 0.000000 902.392944 0.000000 0.262922 0.000000 -0.964817 1.000000 1.000000 1.000000
3775.907959 0.000000 927.958923 0.000000 0.617977 0.000000 -0.786196 1.000000 1.000000 1.000000
268.388336 0.000000 1526.680420 0.000000 0.219460 0.000000 -0.975622 1.000000 1.000000 1.000000
282.060699 0.000000 1523.766602 0.000000 0.192319 0.000000 -0.981332 1.000000 1.000000 1.000000
264.924133 0.000000 1576.705444 0.000000 0.640752 0.000000 -0.767748 1.000000 1.000000 1.000000
332.241455 0.000000 1600.961792 0.000000 0.603545 0.000000 -0.797329 1.000000 1.000000 1.000000
360.378906 0.000000 1678.121094 0.000000 0.677483 0.000000 -0.735538 1.000000 1.000000 1.000000
421.985809 0.000000 1995.195801 0.000000 0.370816 0.000000 -0.928706 1.000000 1.000000 1.000000
416.329376 0.000000 1995.799316 0.000000 0.243616 0.000000 -0.969872 1.000000 1.000000 1.000000
393.054718 0.000000 2031.463135 0.000000 0.686227 0.000000 -0.727388 1.000000 1.000000 1.000000
365.829529 0.000000 2119.176758 0.000000 0.584080 0.000000 -0.811696 1.000000 1.000000 1.000000
369.688110 0.000000 2115.010986 0.000000 0.035552 0.000000 -0.999368 1.000000 1.000000 1.000000
381.194122 0.000000 2143.496338 0.000000 0.336161 0.000000 -0.941804 1.000000 1.000000 1.000000
4205.486816 0.000000 696.415405 0.000000 0.523324 0.000000 -0.852134 1.000000 1.000000 1.000000
4215.787598 0.000000 692.856018 0.000000 0.336520 0.000000 -0.941676 1.000000 1.000000 1.000000
4199.455566 0.000000 689.538635 0.000000 0.167376 0.000000 -0.985893 1.000000 1.000000 1.000000
4204.199707 0.000000 699.269348 0.000000 0.073641 0.000000 -0.997285 1.000000 1.000000 1.000000
4196.943848 0.000000 714.147522 0.000000 0.698475 0.000000 -0.715635 1.000000 1.000000 1.000000
4191.017090 0.000000 743.369995 0.000000 0.596774 0.000000 -0.802409 1.000000 1.000000 1.000000
4183.499512 0.000000 727.239807 0.000000 0.295031 0.000000 -0.955488 1.000000 1.000000 1.000000
4187.822754 0.000000 727.192444 0.000000 0.004929 0.000000 -0.999988 1.000000 1.000000 1.000000
4241.021484 0.000000 720.420532 0.000000 0.627307 0.000000 -0.778772 1.000000 1.000000 1.000000
4235.526367 0.000000 714.937256 0.000000 0.259317 0.000000 -0.965792 1.000000 1.000000 1.000000
4227.708496 0.000000 737.366211 0.000000 0.150472 0.000000 -0.988614 1.000000 1.000000 1.000000
4242.595215 0.000000 710.762695 0.000000 0.423248 0.000000 -0.906014 1.000000 1.000000 1.000000
4236.423340 0.000000 716.873352 0.000000 0.371370 0.000000 -0.928485 1.000000 1.000000 1.000000
4205.269043 0.000000 763.717590 0.000000 0.443184 0.000000 -0.896431 1.000000 1.000000 1.000000
4213.895508 0.000000 765.486328 0.000000 0.257018 0.000000 -0.966407 1.000000 1.000000 1.000000
4166.528809 0.000000 769.969055 0.000000 0.311312 0.000000 -0.950308 1.000000 1.000000 1.000000
4258.621094 0.000000 765.566040 0.000000 0.510686 0.000000 -0.859767 1.000000 1.000000 1.000000
5620.768066 0.000000 2897.470703 0.000000 0.169070 0.000000 -0.985604 1.000000 1.000000 1.000000
5630.814453 0.000000 2881.947998 0.000000 0.573414 0.000000 -0.819266 1.000000 1.000000 1.000000
5631.325684 0.000000 2881.077881 0.000000 0.122062 0.000000 -0.992522 1.000000 1.000000 1.000000
5678.302734 0.000000 2905.510986 0.000000 0.660511 0.000000 -0.750817 1.000000 1.000000 1.000000
6515.276367 0.000000 2498.077148 0.000000 0.139071 0.000000 -0.990282 1.000000 1.000000 1.000000
6507.482422 0.000000 2502.461426 0.000000 0.640362 0.000000 -0.768073 1.000000 1.000000 1.000000
6524.961914 0.000000 2490.951660 0.000000 0.667779 0.000000 -0.744360 1.000000 1.000000 1.000000
6515.331543 0.000000 2513.174805 0.000000 0.373418 0.000000 -0.927663 1.000000 1.000000 1.000000
6526.108887 0.000000 2510.535400 0.000000 0.641793 0.000000 -0.766878 1.000000 1.000000 1.000000
6226.464844 0.000000 2901.894287 0.000000 0.570971 0.000000 -0.820970 1.000000 1.000000 1.000000
6530.284668 0.000000 2906.434570 0.000000 0.203405 0.000000 -0.979095 1.000000 1.000000 1.000000
6486.526367 0.000000 3001.780029 0.000000 0.508319 0.000000 -0.861169 1.000000 1.000000 1.000000
3838.022461 0.000000 3519.908447 0.000000 0.268095 0.000000 -0.963392 1.000000 1.000000 1.000000
3895.716553 0.000000 3532.114990 0.000000 0.254592 0.000000 -0.967049 1.000000 1.000000 1.000000
3856.685303 0.000000 3530.360596 0.000000 0.031269 0.000000 -0.999511 1.000000 1.000000 1.000000
3866.521240 0.000000 3522.454346 0.000000 0.205023 0.000000 -0.978757 1.000000 1.000000 1.000000
3880.325439 0.000000 3537.127686 0.000000 0.674240 0.000000 -0.738512 1.000000 1.000000 1.000000
3914.769043 0.000000 3529.072998 0.000000 0.543923 0.000000 -0.839135 1.000000 1.000000 1.000000
3935.838379 0.000000 3547.645508 0.000000 0.464905 0.000000 -0.885361 1.000000 1.000000 1.000000
6633.303711 0.000000 3164.675049 0.000000 0.434258 0.000000 -0.900788 1.000000 1.000000 1.000000
6633.331543 0.000000 3167.513916 0.000000 0.302489 0.000000 -0.953153 1.000000 1.000000 1.000000
"}
