object={
	name="tree_sakura_03_generator_0"
	render_pass=Map
	clamp_to_water_level=no
	generated_content=yes
	layer="tree_high_layer"
	pdxmesh="tree_sakura_03_mesh"
	count=12
	transform="7404.878418 0.000000 3031.342773 0.000000 0.147924 0.000000 0.988999 1.000000 1.000000 1.000000
7422.304199 0.000000 3041.762695 0.000000 0.877470 0.000000 -0.479632 1.000000 1.000000 1.000000
7426.895508 0.000000 3043.698975 0.000000 0.705032 0.000000 -0.709175 1.000000 1.000000 1.000000
7481.065918 0.000000 3070.577637 0.000000 0.199793 0.000000 -0.979838 1.000000 1.000000 1.000000
7460.125977 0.000000 3089.142822 0.000000 0.084715 0.000000 -0.996405 1.000000 1.000000 1.000000
7481.991211 0.000000 3071.679443 0.000000 0.959017 0.000000 -0.283350 1.000000 1.000000 1.000000
7480.933105 0.000000 3070.862061 0.000000 0.491168 0.000000 -0.871065 1.000000 1.000000 1.000000
7493.536133 0.000000 3070.986572 0.000000 0.814298 0.000000 -0.580447 1.000000 1.000000 1.000000
7496.649414 0.000000 3075.019043 0.000000 0.354824 0.000000 -0.934933 1.000000 1.000000 1.000000
7490.571777 0.000000 3071.145020 0.000000 0.971909 0.000000 0.235357 1.000000 1.000000 1.000000
7491.950195 0.000000 3071.364746 0.000000 0.982883 0.000000 0.184233 1.000000 1.000000 1.000000
7489.247070 0.000000 3070.748291 0.000000 0.408742 0.000000 -0.912650 1.000000 1.000000 1.000000
"}
