object={
	name="tree_birch_yellow_generator_1_0"
	render_pass=Map
	clamp_to_water_level=no
	generated_content=yes
	layer="tree_high_layer"
	pdxmesh="tree_birch_yellow_01_a_mesh"
	count=22
	transform="1517.575928 0.000000 2314.230225 0.000000 0.973940 0.000000 0.226806 1.000000 1.000000 1.000000
1521.054199 0.000000 2348.597412 0.000000 0.994034 0.000000 0.109068 1.000000 1.000000 1.000000
1529.733765 0.000000 2324.818604 0.000000 0.334143 0.000000 0.942522 1.000000 1.000000 1.000000
1526.804688 0.000000 2348.586182 0.000000 0.775953 0.000000 0.630791 1.000000 1.000000 1.000000
1521.738403 0.000000 2344.343506 0.000000 0.870079 0.000000 0.492911 1.000000 1.000000 1.000000
1521.182251 0.000000 2346.429199 0.000000 0.084708 0.000000 0.996406 1.000000 1.000000 1.000000
1514.233521 0.000000 2321.238525 0.000000 0.960542 0.000000 0.278135 1.000000 1.000000 1.000000
1530.947998 0.000000 2326.221680 0.000000 0.483936 0.000000 0.875103 1.000000 1.000000 1.000000
1534.916138 0.000000 2348.752930 0.000000 0.129445 0.000000 0.991587 1.000000 1.000000 1.000000
1521.051392 0.000000 2349.987549 0.000000 0.286445 0.000000 0.958097 1.000000 1.000000 1.000000
1535.843262 0.000000 2349.426270 0.000000 0.779306 0.000000 0.626644 1.000000 1.000000 1.000000
1538.573730 0.000000 2333.782471 0.000000 0.114085 0.000000 0.993471 1.000000 1.000000 1.000000
5657.023438 0.000000 2878.976074 0.000000 0.366209 0.000000 0.930533 1.000000 1.000000 1.000000
5648.960938 0.000000 2874.881592 0.000000 0.555116 0.000000 0.831773 1.000000 1.000000 1.000000
5654.386719 0.000000 2879.851562 0.000000 0.595612 0.000000 0.803272 1.000000 1.000000 1.000000
5693.796387 0.000000 2905.760010 0.000000 0.261723 0.000000 0.965143 1.000000 1.000000 1.000000
5673.968262 0.000000 2912.243164 0.000000 0.756683 0.000000 0.653782 1.000000 1.000000 1.000000
5673.448730 0.000000 2884.060791 0.000000 0.867517 0.000000 0.497408 1.000000 1.000000 1.000000
5689.147949 0.000000 2898.179443 0.000000 0.055321 0.000000 0.998469 1.000000 1.000000 1.000000
5670.747559 0.000000 2885.253174 0.000000 0.945252 0.000000 0.326340 1.000000 1.000000 1.000000
5672.551758 0.000000 2913.884766 0.000000 0.826864 0.000000 0.562401 1.000000 1.000000 1.000000
5688.424805 0.000000 2899.876709 0.000000 0.949619 0.000000 0.313407 1.000000 1.000000 1.000000
"}
object={
	name="tree_birch_yellow_generator_1_1"
	render_pass=Map
	clamp_to_water_level=no
	generated_content=yes
	layer="tree_high_layer"
	pdxmesh="tree_birch_yellow_01_b_mesh"
	count=32
	transform="1523.083008 0.000000 2320.791260 0.000000 0.980140 0.000000 -0.198307 1.000000 1.000000 1.000000
1530.055664 0.000000 2344.284912 0.000000 0.788952 0.000000 -0.614455 1.000000 1.000000 1.000000
1528.294922 0.000000 2342.265137 0.000000 0.725344 0.000000 -0.688387 1.000000 1.000000 1.000000
1529.722046 0.000000 2329.429199 0.000000 0.925653 0.000000 -0.378374 1.000000 1.000000 1.000000
1521.510498 0.000000 2316.666260 0.000000 0.861996 0.000000 -0.506916 1.000000 1.000000 1.000000
1515.580933 0.000000 2318.815674 0.000000 0.973143 0.000000 -0.230201 1.000000 1.000000 1.000000
1529.824219 0.000000 2342.818848 0.000000 0.856167 0.000000 -0.516698 1.000000 1.000000 1.000000
1531.087158 0.000000 2345.391602 0.000000 0.085252 0.000000 -0.996359 1.000000 1.000000 1.000000
1528.881348 0.000000 2343.633545 0.000000 0.277544 0.000000 -0.960713 1.000000 1.000000 1.000000
1536.111694 0.000000 2328.480469 0.000000 0.342568 0.000000 -0.939493 1.000000 1.000000 1.000000
1539.642578 0.000000 2328.995605 0.000000 0.995486 0.000000 -0.094909 1.000000 1.000000 1.000000
5630.155273 0.000000 2875.946777 0.000000 0.869467 0.000000 -0.493991 1.000000 1.000000 1.000000
5629.804199 0.000000 2905.760010 0.000000 0.042484 0.000000 -0.999097 1.000000 1.000000 1.000000
5627.467773 0.000000 2905.532227 0.000000 0.448098 0.000000 -0.893985 1.000000 1.000000 1.000000
5616.776855 0.000000 2896.387451 0.000000 0.493812 0.000000 -0.869569 1.000000 1.000000 1.000000
5652.278809 0.000000 2878.127686 0.000000 0.691785 0.000000 -0.722103 1.000000 1.000000 1.000000
5648.378906 0.000000 2872.892822 0.000000 0.982379 0.000000 -0.186900 1.000000 1.000000 1.000000
5656.242188 0.000000 2876.835449 0.000000 0.862319 0.000000 -0.506366 1.000000 1.000000 1.000000
5633.211914 0.000000 2875.616699 0.000000 0.999899 0.000000 -0.014206 1.000000 1.000000 1.000000
5653.056152 0.000000 2879.459473 0.000000 0.542996 0.000000 -0.839735 1.000000 1.000000 1.000000
5655.692871 0.000000 2879.353271 0.000000 0.495378 0.000000 -0.868677 1.000000 1.000000 1.000000
5635.351074 0.000000 2916.020020 0.000000 0.345849 0.000000 -0.938290 1.000000 1.000000 1.000000
5681.856445 0.000000 2909.014893 0.000000 0.305326 0.000000 -0.952248 1.000000 1.000000 1.000000
5691.459961 0.000000 2905.532227 0.000000 0.999993 0.000000 -0.003802 1.000000 1.000000 1.000000
5671.644043 0.000000 2915.759277 0.000000 0.976789 0.000000 -0.214204 1.000000 1.000000 1.000000
5680.727539 0.000000 2887.854492 0.000000 0.477311 0.000000 -0.878735 1.000000 1.000000 1.000000
5690.763672 0.000000 2899.296875 0.000000 0.503559 0.000000 -0.863961 1.000000 1.000000 1.000000
5634.594238 0.000000 2914.408936 0.000000 0.983438 0.000000 -0.181246 1.000000 1.000000 1.000000
5675.726074 0.000000 2912.372070 0.000000 0.931480 0.000000 -0.363793 1.000000 1.000000 1.000000
5670.410645 0.000000 2886.877197 0.000000 0.828365 0.000000 -0.560189 1.000000 1.000000 1.000000
5671.486816 0.000000 2914.489258 0.000000 0.757764 0.000000 -0.652529 1.000000 1.000000 1.000000
3804.991455 0.000000 4277.218750 0.000000 0.225602 0.000000 -0.974220 1.000000 1.000000 1.000000
"}
