object={
	name="tree_mallorn_generator_1_0"
	render_pass=Map
	clamp_to_water_level=no
	generated_content=yes
	layer="tree_high_layer"
	pdxmesh="tree_mallorn_02_mesh"
	count=87
	transform="502.713165 0.000000 1794.533813 0.000000 0.131493 0.000000 0.991317 1.000000 1.000000 1.000000
485.780090 0.000000 1793.144531 0.000000 0.180238 0.000000 0.983623 1.000000 1.000000 1.000000
492.216583 0.000000 1793.828613 0.000000 0.393013 0.000000 0.919533 1.000000 1.000000 1.000000
488.340485 0.000000 1790.554321 0.000000 0.017139 0.000000 0.999853 1.000000 1.000000 1.000000
504.081543 0.000000 1797.664551 0.000000 0.128057 0.000000 0.991767 1.000000 1.000000 1.000000
535.144531 0.000000 1791.924927 0.000000 0.044122 0.000000 0.999026 1.000000 1.000000 1.000000
577.127502 0.000000 1794.911377 0.000000 0.217434 0.000000 0.976075 1.000000 1.000000 1.000000
531.048096 0.000000 1797.333008 0.000000 0.448087 0.000000 0.893990 1.000000 1.000000 1.000000
539.585999 0.000000 1801.624878 0.000000 0.163499 0.000000 0.986543 1.000000 1.000000 1.000000
568.601257 0.000000 1798.985107 0.000000 0.069304 0.000000 0.997596 1.000000 1.000000 1.000000
577.006409 0.000000 1796.102661 0.000000 0.458354 0.000000 0.888770 1.000000 1.000000 1.000000
583.731445 0.000000 1796.519409 0.000000 0.127946 0.000000 0.991781 1.000000 1.000000 1.000000
1527.499023 0.000000 2319.714111 0.000000 0.058547 0.000000 0.998285 1.000000 1.000000 1.000000
1530.437744 0.000000 2351.457764 0.000000 0.223150 0.000000 0.974784 1.000000 1.000000 1.000000
1525.663696 0.000000 2346.521484 0.000000 0.009751 0.000000 0.999952 1.000000 1.000000 1.000000
1531.531616 0.000000 2324.364014 0.000000 0.123429 0.000000 0.992353 1.000000 1.000000 1.000000
1526.675537 0.000000 2330.387939 0.000000 0.123935 0.000000 0.992290 1.000000 1.000000 1.000000
1525.936157 0.000000 2314.890381 0.000000 0.115061 0.000000 0.993358 1.000000 1.000000 1.000000
1516.223999 0.000000 2362.823975 0.000000 0.103059 0.000000 0.994675 1.000000 1.000000 1.000000
3774.030273 0.000000 4275.783691 0.000000 0.539499 0.000000 0.841986 1.000000 1.000000 1.000000
3737.761475 0.000000 4269.204590 0.000000 0.105965 0.000000 0.994370 1.000000 1.000000 1.000000
3757.415771 0.000000 4292.317871 0.000000 0.213869 0.000000 0.976862 1.000000 1.000000 1.000000
3775.066895 0.000000 4287.048828 0.000000 0.133466 0.000000 0.991053 1.000000 1.000000 1.000000
3720.746826 0.000000 4274.273438 0.000000 0.377500 0.000000 0.926009 1.000000 1.000000 1.000000
3747.423096 0.000000 4289.013184 0.000000 0.421015 0.000000 0.907054 1.000000 1.000000 1.000000
3774.486572 0.000000 4279.093750 0.000000 0.527191 0.000000 0.849747 1.000000 1.000000 1.000000
3774.382080 0.000000 4284.287598 0.000000 0.421365 0.000000 0.906891 1.000000 1.000000 1.000000
3726.821045 0.000000 4271.187500 0.000000 0.245612 0.000000 0.969368 1.000000 1.000000 1.000000
3722.048340 0.000000 4272.275879 0.000000 0.520552 0.000000 0.853830 1.000000 1.000000 1.000000
3738.686523 0.000000 4281.233398 0.000000 0.150295 0.000000 0.988641 1.000000 1.000000 1.000000
3737.236084 0.000000 4276.866699 0.000000 0.165287 0.000000 0.986246 1.000000 1.000000 1.000000
3739.663330 0.000000 4279.440430 0.000000 0.034397 0.000000 0.999408 1.000000 1.000000 1.000000
3720.704102 0.000000 4272.770020 0.000000 0.250428 0.000000 0.968135 1.000000 1.000000 1.000000
3765.293457 0.000000 4286.167969 0.000000 0.112043 0.000000 0.993703 1.000000 1.000000 1.000000
3764.782959 0.000000 4287.614258 0.000000 0.453322 0.000000 0.891347 1.000000 1.000000 1.000000
3737.513916 0.000000 4277.938477 0.000000 0.168571 0.000000 0.985689 1.000000 1.000000 1.000000
3765.713135 0.000000 4284.624023 0.000000 0.048412 0.000000 0.998827 1.000000 1.000000 1.000000
3751.281250 0.000000 4281.103027 0.000000 0.396280 0.000000 0.918130 1.000000 1.000000 1.000000
3748.700195 0.000000 4278.951172 0.000000 0.503073 0.000000 0.864244 1.000000 1.000000 1.000000
3812.527588 0.000000 4281.025879 0.000000 0.288813 0.000000 0.957386 1.000000 1.000000 1.000000
3779.762939 0.000000 4280.530762 0.000000 0.168912 0.000000 0.985631 1.000000 1.000000 1.000000
3783.155762 0.000000 4286.867188 0.000000 0.552776 0.000000 0.833330 1.000000 1.000000 1.000000
3797.797363 0.000000 4281.515625 0.000000 0.369638 0.000000 0.929176 1.000000 1.000000 1.000000
3811.428223 0.000000 4294.327148 0.000000 0.395239 0.000000 0.918578 1.000000 1.000000 1.000000
3795.412354 0.000000 4287.323730 0.000000 0.184631 0.000000 0.982808 1.000000 1.000000 1.000000
3830.523682 0.000000 4285.516113 0.000000 0.374950 0.000000 0.927045 1.000000 1.000000 1.000000
3778.620361 0.000000 4276.458496 0.000000 0.288339 0.000000 0.957528 1.000000 1.000000 1.000000
3799.912354 0.000000 4283.130859 0.000000 0.256860 0.000000 0.966449 1.000000 1.000000 1.000000
3800.773926 0.000000 4287.974121 0.000000 0.463396 0.000000 0.886152 1.000000 1.000000 1.000000
3795.591309 0.000000 4282.232422 0.000000 0.059203 0.000000 0.998246 1.000000 1.000000 1.000000
3797.409424 0.000000 4279.330078 0.000000 0.337416 0.000000 0.941355 1.000000 1.000000 1.000000
3799.098389 0.000000 4289.700684 0.000000 0.303260 0.000000 0.952908 1.000000 1.000000 1.000000
3821.744629 0.000000 4290.614746 0.000000 0.064002 0.000000 0.997950 1.000000 1.000000 1.000000
3796.355713 0.000000 4280.641113 0.000000 0.022241 0.000000 0.999753 1.000000 1.000000 1.000000
3797.004883 0.000000 4288.145508 0.000000 0.452240 0.000000 0.891897 1.000000 1.000000 1.000000
3796.689209 0.000000 4291.551758 0.000000 0.469838 0.000000 0.882753 1.000000 1.000000 1.000000
3820.371582 0.000000 4293.390625 0.000000 0.320629 0.000000 0.947205 1.000000 1.000000 1.000000
3801.207764 0.000000 4284.015625 0.000000 0.451092 0.000000 0.892477 1.000000 1.000000 1.000000
3801.192871 0.000000 4282.167969 0.000000 0.468824 0.000000 0.883292 1.000000 1.000000 1.000000
3814.625488 0.000000 4296.107422 0.000000 0.015521 0.000000 0.999880 1.000000 1.000000 1.000000
3816.636963 0.000000 4291.708984 0.000000 0.064080 0.000000 0.997945 1.000000 1.000000 1.000000
3791.665527 0.000000 4285.695312 0.000000 0.193309 0.000000 0.981138 1.000000 1.000000 1.000000
3820.736084 0.000000 4291.183105 0.000000 0.452886 0.000000 0.891569 1.000000 1.000000 1.000000
3790.717529 0.000000 4284.030762 0.000000 0.350717 0.000000 0.936481 1.000000 1.000000 1.000000
3800.412842 0.000000 4281.561523 0.000000 0.410938 0.000000 0.911663 1.000000 1.000000 1.000000
3817.200684 0.000000 4293.166504 0.000000 0.216938 0.000000 0.976185 1.000000 1.000000 1.000000
3810.062988 0.000000 4283.348633 0.000000 0.265136 0.000000 0.964211 1.000000 1.000000 1.000000
3772.925049 0.000000 4299.242188 0.000000 0.079654 0.000000 0.996823 1.000000 1.000000 1.000000
3775.319580 0.000000 4311.366211 0.000000 0.538601 0.000000 0.842561 1.000000 1.000000 1.000000
3752.163574 0.000000 4304.965332 0.000000 0.186098 0.000000 0.982531 1.000000 1.000000 1.000000
3784.494629 0.000000 4316.752441 0.000000 0.469510 0.000000 0.882927 1.000000 1.000000 1.000000
3776.615967 0.000000 4299.938965 0.000000 0.074331 0.000000 0.997234 1.000000 1.000000 1.000000
3819.044189 0.000000 4322.857910 0.000000 0.406574 0.000000 0.913618 1.000000 1.000000 1.000000
3823.481689 0.000000 4314.738770 0.000000 0.383692 0.000000 0.923461 1.000000 1.000000 1.000000
3784.674316 0.000000 4313.761230 0.000000 0.498457 0.000000 0.866915 1.000000 1.000000 1.000000
3781.098145 0.000000 4307.760254 0.000000 0.296222 0.000000 0.955119 1.000000 1.000000 1.000000
3826.343994 0.000000 4302.052246 0.000000 0.563890 0.000000 0.825850 1.000000 1.000000 1.000000
3794.988525 0.000000 4305.212891 0.000000 0.014836 0.000000 0.999890 1.000000 1.000000 1.000000
3779.024414 0.000000 4299.441895 0.000000 0.481944 0.000000 0.876202 1.000000 1.000000 1.000000
3808.286133 0.000000 4301.350098 0.000000 0.140199 0.000000 0.990123 1.000000 1.000000 1.000000
3782.657959 0.000000 4309.106445 0.000000 0.427727 0.000000 0.903908 1.000000 1.000000 1.000000
3827.796631 0.000000 4303.520508 0.000000 0.446351 0.000000 0.894858 1.000000 1.000000 1.000000
3778.300537 0.000000 4317.954590 0.000000 0.451657 0.000000 0.892191 1.000000 1.000000 1.000000
3786.284180 0.000000 4304.453125 0.000000 0.339189 0.000000 0.940718 1.000000 1.000000 1.000000
3810.734619 0.000000 4299.780273 0.000000 0.451233 0.000000 0.892406 1.000000 1.000000 1.000000
3827.207520 0.000000 4299.082520 0.000000 0.045899 0.000000 0.998946 1.000000 1.000000 1.000000
3810.963135 0.000000 4300.758789 0.000000 0.453514 0.000000 0.891249 1.000000 1.000000 1.000000
"}
object={
	name="tree_mallorn_generator_1_1"
	render_pass=Map
	clamp_to_water_level=no
	generated_content=yes
	layer="tree_high_layer"
	pdxmesh="tree_mallorn_03_mesh"
	count=83
	transform="487.987671 0.000000 1793.362671 0.000000 0.772934 0.000000 0.634487 1.000000 1.000000 1.000000
500.773315 0.000000 1784.957275 0.000000 0.688424 0.000000 0.725309 1.000000 1.000000 1.000000
490.661316 0.000000 1792.863525 0.000000 0.714594 0.000000 0.699539 1.000000 1.000000 1.000000
497.688843 0.000000 1785.752930 0.000000 0.689340 0.000000 0.724438 1.000000 1.000000 1.000000
489.333099 0.000000 1793.046265 0.000000 0.679092 0.000000 0.734053 1.000000 1.000000 1.000000
496.550415 0.000000 1784.905640 0.000000 0.817667 0.000000 0.575691 1.000000 1.000000 1.000000
489.313263 0.000000 1790.432373 0.000000 0.906434 0.000000 0.422347 1.000000 1.000000 1.000000
534.101257 0.000000 1794.340820 0.000000 0.902496 0.000000 0.430698 1.000000 1.000000 1.000000
580.862305 0.000000 1794.876099 0.000000 0.899022 0.000000 0.437904 1.000000 1.000000 1.000000
573.315491 0.000000 1795.405762 0.000000 0.776569 0.000000 0.630032 1.000000 1.000000 1.000000
565.588989 0.000000 1801.257202 0.000000 0.900587 0.000000 0.434676 1.000000 1.000000 1.000000
572.610718 0.000000 1797.554810 0.000000 0.741012 0.000000 0.671492 1.000000 1.000000 1.000000
563.948669 0.000000 1802.478271 0.000000 0.798698 0.000000 0.601732 1.000000 1.000000 1.000000
1524.021484 0.000000 2313.935059 0.000000 0.745893 0.000000 0.666065 1.000000 1.000000 1.000000
1529.147949 0.000000 2348.787842 0.000000 0.795842 0.000000 0.605505 1.000000 1.000000 1.000000
1522.434814 0.000000 2349.711182 0.000000 0.653735 0.000000 0.756724 1.000000 1.000000 1.000000
1517.575928 0.000000 2361.472412 0.000000 0.800140 0.000000 0.599814 1.000000 1.000000 1.000000
1532.088379 0.000000 2329.084961 0.000000 0.920308 0.000000 0.391195 1.000000 1.000000 1.000000
1522.498047 0.000000 2361.577637 0.000000 0.907438 0.000000 0.420187 1.000000 1.000000 1.000000
1520.662109 0.000000 2354.995605 0.000000 0.929216 0.000000 0.369537 1.000000 1.000000 1.000000
3740.783936 0.000000 4284.625000 0.000000 0.894104 0.000000 0.447859 1.000000 1.000000 1.000000
3733.107178 0.000000 4269.694824 0.000000 0.763287 0.000000 0.646060 1.000000 1.000000 1.000000
3740.538574 0.000000 4280.744629 0.000000 0.835826 0.000000 0.548995 1.000000 1.000000 1.000000
3765.682617 0.000000 4290.597168 0.000000 0.802680 0.000000 0.596410 1.000000 1.000000 1.000000
3725.167725 0.000000 4269.179688 0.000000 0.609074 0.000000 0.793113 1.000000 1.000000 1.000000
3735.553955 0.000000 4270.404297 0.000000 0.887119 0.000000 0.461542 1.000000 1.000000 1.000000
3744.758301 0.000000 4276.366211 0.000000 0.848154 0.000000 0.529750 1.000000 1.000000 1.000000
3744.083496 0.000000 4272.404297 0.000000 0.608327 0.000000 0.793686 1.000000 1.000000 1.000000
3728.906494 0.000000 4271.117188 0.000000 0.772650 0.000000 0.634832 1.000000 1.000000 1.000000
3748.966064 0.000000 4283.088867 0.000000 0.866772 0.000000 0.498705 1.000000 1.000000 1.000000
3737.926514 0.000000 4279.653809 0.000000 0.621256 0.000000 0.783608 1.000000 1.000000 1.000000
3752.961914 0.000000 4281.782227 0.000000 0.842747 0.000000 0.538310 1.000000 1.000000 1.000000
3741.545898 0.000000 4274.292480 0.000000 0.915344 0.000000 0.402672 1.000000 1.000000 1.000000
3738.348389 0.000000 4276.586914 0.000000 0.906025 0.000000 0.423225 1.000000 1.000000 1.000000
3736.190918 0.000000 4279.731934 0.000000 0.897929 0.000000 0.440141 1.000000 1.000000 1.000000
3753.553955 0.000000 4278.033203 0.000000 0.798923 0.000000 0.601434 1.000000 1.000000 1.000000
3749.843262 0.000000 4276.171387 0.000000 0.742142 0.000000 0.670243 1.000000 1.000000 1.000000
3750.802979 0.000000 4281.817871 0.000000 0.747622 0.000000 0.664124 1.000000 1.000000 1.000000
3779.577393 0.000000 4286.043945 0.000000 0.577909 0.000000 0.816101 1.000000 1.000000 1.000000
3798.854248 0.000000 4277.319336 0.000000 0.909088 0.000000 0.416603 1.000000 1.000000 1.000000
3806.478760 0.000000 4297.786621 0.000000 0.610994 0.000000 0.791635 1.000000 1.000000 1.000000
3786.051514 0.000000 4276.376953 0.000000 0.906732 0.000000 0.421707 1.000000 1.000000 1.000000
3825.266357 0.000000 4288.151855 0.000000 0.874284 0.000000 0.485414 1.000000 1.000000 1.000000
3825.007324 0.000000 4298.075195 0.000000 0.909111 0.000000 0.416553 1.000000 1.000000 1.000000
3787.097656 0.000000 4298.948242 0.000000 0.923504 0.000000 0.383589 1.000000 1.000000 1.000000
3781.846191 0.000000 4297.796875 0.000000 0.925093 0.000000 0.379741 1.000000 1.000000 1.000000
3815.581543 0.000000 4297.198730 0.000000 0.593267 0.000000 0.805006 1.000000 1.000000 1.000000
3794.658447 0.000000 4285.150879 0.000000 0.578315 0.000000 0.815814 1.000000 1.000000 1.000000
3806.778076 0.000000 4280.651855 0.000000 0.893837 0.000000 0.448393 1.000000 1.000000 1.000000
3793.187256 0.000000 4292.147461 0.000000 0.884826 0.000000 0.465921 1.000000 1.000000 1.000000
3794.374756 0.000000 4295.609863 0.000000 0.847307 0.000000 0.531104 1.000000 1.000000 1.000000
3811.421631 0.000000 4296.751465 0.000000 0.761160 0.000000 0.648564 1.000000 1.000000 1.000000
3829.891602 0.000000 4287.340332 0.000000 0.774992 0.000000 0.631971 1.000000 1.000000 1.000000
3831.404541 0.000000 4291.515137 0.000000 0.772541 0.000000 0.634964 1.000000 1.000000 1.000000
3788.071777 0.000000 4297.491211 0.000000 0.907813 0.000000 0.419374 1.000000 1.000000 1.000000
3796.840332 0.000000 4286.448242 0.000000 0.604425 0.000000 0.796662 1.000000 1.000000 1.000000
3811.292480 0.000000 4286.946289 0.000000 0.674817 0.000000 0.737985 1.000000 1.000000 1.000000
3799.362549 0.000000 4281.647461 0.000000 0.833621 0.000000 0.552337 1.000000 1.000000 1.000000
3791.198730 0.000000 4295.081543 0.000000 0.774495 0.000000 0.632581 1.000000 1.000000 1.000000
3832.869385 0.000000 4294.792969 0.000000 0.641187 0.000000 0.767385 1.000000 1.000000 1.000000
3808.850586 0.000000 4285.283691 0.000000 0.803717 0.000000 0.595011 1.000000 1.000000 1.000000
3798.856934 0.000000 4282.629883 0.000000 0.820548 0.000000 0.571578 1.000000 1.000000 1.000000
3803.505859 0.000000 4280.495605 0.000000 0.633204 0.000000 0.773985 1.000000 1.000000 1.000000
3806.024902 0.000000 4286.463867 0.000000 0.925861 0.000000 0.377865 1.000000 1.000000 1.000000
3810.916992 0.000000 4285.982422 0.000000 0.578073 0.000000 0.815985 1.000000 1.000000 1.000000
3816.907227 0.000000 4294.268555 0.000000 0.859509 0.000000 0.511121 1.000000 1.000000 1.000000
3755.708740 0.000000 4304.756348 0.000000 0.884722 0.000000 0.466120 1.000000 1.000000 1.000000
3829.185547 0.000000 4302.310547 0.000000 0.611890 0.000000 0.790943 1.000000 1.000000 1.000000
3814.251709 0.000000 4299.926758 0.000000 0.924228 0.000000 0.381842 1.000000 1.000000 1.000000
3821.341064 0.000000 4320.503418 0.000000 0.654056 0.000000 0.756446 1.000000 1.000000 1.000000
3787.958984 0.000000 4313.969727 0.000000 0.768395 0.000000 0.639976 1.000000 1.000000 1.000000
3817.675049 0.000000 4301.326660 0.000000 0.919681 0.000000 0.392667 1.000000 1.000000 1.000000
3779.309082 0.000000 4301.787109 0.000000 0.679245 0.000000 0.733912 1.000000 1.000000 1.000000
3828.418945 0.000000 4299.580566 0.000000 0.786065 0.000000 0.618144 1.000000 1.000000 1.000000
3801.523438 0.000000 4313.671387 0.000000 0.765337 0.000000 0.643630 1.000000 1.000000 1.000000
3829.190674 0.000000 4305.093262 0.000000 0.650779 0.000000 0.759267 1.000000 1.000000 1.000000
3786.411621 0.000000 4312.059082 0.000000 0.634155 0.000000 0.773206 1.000000 1.000000 1.000000
3778.124268 0.000000 4312.043945 0.000000 0.839058 0.000000 0.544043 1.000000 1.000000 1.000000
3815.849365 0.000000 4300.862305 0.000000 0.905777 0.000000 0.423755 1.000000 1.000000 1.000000
3819.260010 0.000000 4321.122559 0.000000 0.587154 0.000000 0.809475 1.000000 1.000000 1.000000
3823.971680 0.000000 4316.389648 0.000000 0.602028 0.000000 0.798475 1.000000 1.000000 1.000000
3809.958496 0.000000 4300.902344 0.000000 0.916411 0.000000 0.400238 1.000000 1.000000 1.000000
3786.005615 0.000000 4299.674316 0.000000 0.803716 0.000000 0.595014 1.000000 1.000000 1.000000
"}
object={
	name="tree_mallorn_generator_1_2"
	render_pass=Map
	clamp_to_water_level=no
	generated_content=yes
	layer="tree_high_layer"
	pdxmesh="tree_mallorn_04_mesh"
	count=83
	transform="496.906158 0.000000 1789.252319 0.000000 0.978337 0.000000 0.207019 1.000000 1.000000 1.000000
492.354828 0.000000 1791.003174 0.000000 0.999995 0.000000 0.003158 1.000000 1.000000 1.000000
503.130096 0.000000 1792.966675 0.000000 0.994644 0.000000 -0.103363 1.000000 1.000000 1.000000
487.031525 0.000000 1792.271240 0.000000 0.976728 0.000000 0.214480 1.000000 1.000000 1.000000
494.597107 0.000000 1787.769531 0.000000 0.959673 0.000000 0.281120 1.000000 1.000000 1.000000
506.061798 0.000000 1801.748901 0.000000 0.999218 0.000000 0.039533 1.000000 1.000000 1.000000
507.875732 0.000000 1799.097778 0.000000 0.983536 0.000000 -0.180711 1.000000 1.000000 1.000000
504.609100 0.000000 1798.985107 0.000000 0.986492 0.000000 -0.163810 1.000000 1.000000 1.000000
538.617676 0.000000 1794.379883 0.000000 0.999985 0.000000 -0.005538 1.000000 1.000000 1.000000
570.284546 0.000000 1798.842651 0.000000 0.998244 0.000000 -0.059228 1.000000 1.000000 1.000000
567.616150 0.000000 1800.049927 0.000000 0.968119 0.000000 0.250490 1.000000 1.000000 1.000000
534.892700 0.000000 1795.223267 0.000000 0.992563 0.000000 -0.121731 1.000000 1.000000 1.000000
539.571411 0.000000 1800.045166 0.000000 0.988272 0.000000 -0.152706 1.000000 1.000000 1.000000
571.867920 0.000000 1799.097778 0.000000 0.995554 0.000000 -0.094192 1.000000 1.000000 1.000000
556.394287 0.000000 1802.379639 0.000000 0.979547 0.000000 0.201216 1.000000 1.000000 1.000000
566.988770 0.000000 1798.709229 0.000000 0.999990 0.000000 0.004444 1.000000 1.000000 1.000000
539.830933 0.000000 1797.881104 0.000000 0.999990 0.000000 0.004523 1.000000 1.000000 1.000000
579.699646 0.000000 1797.950684 0.000000 0.988785 0.000000 -0.149345 1.000000 1.000000 1.000000
585.031311 0.000000 1795.252197 0.000000 0.975462 0.000000 0.220169 1.000000 1.000000 1.000000
581.413513 0.000000 1797.129517 0.000000 0.994062 0.000000 0.108813 1.000000 1.000000 1.000000
1519.375732 0.000000 2314.807373 0.000000 0.974512 0.000000 0.224336 1.000000 1.000000 1.000000
1524.322510 0.000000 2349.665527 0.000000 0.994312 0.000000 0.106509 1.000000 1.000000 1.000000
1529.256104 0.000000 2356.418701 0.000000 0.963010 0.000000 0.269467 1.000000 1.000000 1.000000
1530.726318 0.000000 2322.799072 0.000000 0.995959 0.000000 0.089814 1.000000 1.000000 1.000000
1526.634033 0.000000 2345.305664 0.000000 0.978349 0.000000 0.206964 1.000000 1.000000 1.000000
1516.387085 0.000000 2362.105469 0.000000 0.973742 0.000000 0.227654 1.000000 1.000000 1.000000
3736.902100 0.000000 4280.698730 0.000000 0.995922 0.000000 0.090213 1.000000 1.000000 1.000000
3770.380127 0.000000 4278.499512 0.000000 0.969414 0.000000 0.245430 1.000000 1.000000 1.000000
3736.844727 0.000000 4285.465332 0.000000 0.988576 0.000000 0.150725 1.000000 1.000000 1.000000
3769.782227 0.000000 4281.214844 0.000000 0.995999 0.000000 -0.089360 1.000000 1.000000 1.000000
3751.074951 0.000000 4290.084961 0.000000 0.957684 0.000000 0.287822 1.000000 1.000000 1.000000
3770.274170 0.000000 4283.727051 0.000000 0.999738 0.000000 -0.022899 1.000000 1.000000 1.000000
3759.102539 0.000000 4298.979492 0.000000 0.959461 0.000000 0.281843 1.000000 1.000000 1.000000
3759.787598 0.000000 4296.125977 0.000000 0.972209 0.000000 -0.234116 1.000000 1.000000 1.000000
3736.831299 0.000000 4271.749023 0.000000 0.983319 0.000000 -0.181891 1.000000 1.000000 1.000000
3742.420410 0.000000 4273.191895 0.000000 0.976181 0.000000 -0.216958 1.000000 1.000000 1.000000
3739.454346 0.000000 4276.912598 0.000000 0.998417 0.000000 -0.056249 1.000000 1.000000 1.000000
3747.259277 0.000000 4285.020996 0.000000 0.999990 0.000000 -0.004527 1.000000 1.000000 1.000000
3750.933105 0.000000 4278.537598 0.000000 0.993050 0.000000 0.117693 1.000000 1.000000 1.000000
3747.665771 0.000000 4276.423340 0.000000 0.980767 0.000000 0.195184 1.000000 1.000000 1.000000
3751.786621 0.000000 4279.001953 0.000000 0.991981 0.000000 -0.126391 1.000000 1.000000 1.000000
3782.359619 0.000000 4295.559082 0.000000 0.999997 0.000000 -0.002471 1.000000 1.000000 1.000000
3807.283203 0.000000 4278.579102 0.000000 0.988071 0.000000 -0.153999 1.000000 1.000000 1.000000
3800.836914 0.000000 4285.465332 0.000000 0.987485 0.000000 -0.157714 1.000000 1.000000 1.000000
3788.868408 0.000000 4291.660645 0.000000 0.942034 0.000000 0.335517 1.000000 1.000000 1.000000
3828.041260 0.000000 4286.595703 0.000000 0.983259 0.000000 -0.182214 1.000000 1.000000 1.000000
3823.238281 0.000000 4289.630371 0.000000 0.992248 0.000000 0.124277 1.000000 1.000000 1.000000
3834.583008 0.000000 4294.411621 0.000000 0.941386 0.000000 0.337332 1.000000 1.000000 1.000000
3820.246094 0.000000 4289.676270 0.000000 0.976109 0.000000 -0.217280 1.000000 1.000000 1.000000
3798.395264 0.000000 4287.144043 0.000000 0.946412 0.000000 0.322960 1.000000 1.000000 1.000000
3802.529053 0.000000 4278.329590 0.000000 0.994895 0.000000 -0.100920 1.000000 1.000000 1.000000
3795.855713 0.000000 4277.638184 0.000000 0.996252 0.000000 0.086497 1.000000 1.000000 1.000000
3807.689453 0.000000 4296.288086 0.000000 0.981358 0.000000 0.192189 1.000000 1.000000 1.000000
3809.774414 0.000000 4287.684570 0.000000 0.945329 0.000000 0.326117 1.000000 1.000000 1.000000
3828.648438 0.000000 4284.992188 0.000000 0.997761 0.000000 0.066883 1.000000 1.000000 1.000000
3807.242676 0.000000 4288.221680 0.000000 0.946312 0.000000 0.323254 1.000000 1.000000 1.000000
3792.534424 0.000000 4295.826172 0.000000 0.993688 0.000000 -0.112180 1.000000 1.000000 1.000000
3810.604736 0.000000 4298.332031 0.000000 0.993742 0.000000 0.111703 1.000000 1.000000 1.000000
3795.666504 0.000000 4290.506836 0.000000 0.967804 0.000000 0.251703 1.000000 1.000000 1.000000
3803.563232 0.000000 4283.869629 0.000000 0.987382 0.000000 -0.158355 1.000000 1.000000 1.000000
3789.415527 0.000000 4284.099609 0.000000 0.997325 0.000000 -0.073093 1.000000 1.000000 1.000000
3824.770264 0.000000 4286.917480 0.000000 0.982173 0.000000 0.187979 1.000000 1.000000 1.000000
3826.216797 0.000000 4298.507324 0.000000 0.941093 0.000000 0.338147 1.000000 1.000000 1.000000
3789.988770 0.000000 4295.663086 0.000000 0.974127 0.000000 -0.226000 1.000000 1.000000 1.000000
3810.600830 0.000000 4292.006836 0.000000 0.965450 0.000000 0.260587 1.000000 1.000000 1.000000
3827.647461 0.000000 4287.764648 0.000000 0.975542 0.000000 0.219813 1.000000 1.000000 1.000000
3789.444092 0.000000 4282.230469 0.000000 0.970926 0.000000 0.239381 1.000000 1.000000 1.000000
3811.992676 0.000000 4284.043457 0.000000 0.996289 0.000000 0.086066 1.000000 1.000000 1.000000
3822.957275 0.000000 4288.590820 0.000000 0.989771 0.000000 -0.142668 1.000000 1.000000 1.000000
3826.366699 0.000000 4287.671875 0.000000 0.966831 0.000000 0.255415 1.000000 1.000000 1.000000
3803.140381 0.000000 4282.351562 0.000000 0.980792 0.000000 0.195055 1.000000 1.000000 1.000000
3801.667725 0.000000 4281.317871 0.000000 0.987584 0.000000 0.157092 1.000000 1.000000 1.000000
3779.314453 0.000000 4310.018555 0.000000 0.999972 0.000000 0.007524 1.000000 1.000000 1.000000
3825.665283 0.000000 4299.195312 0.000000 0.950999 0.000000 0.309193 1.000000 1.000000 1.000000
3777.899658 0.000000 4314.445801 0.000000 0.955357 0.000000 0.295455 1.000000 1.000000 1.000000
3825.455322 0.000000 4309.372070 0.000000 0.977761 0.000000 -0.209723 1.000000 1.000000 1.000000
3803.516357 0.000000 4307.180664 0.000000 0.999065 0.000000 0.043233 1.000000 1.000000 1.000000
3816.450684 0.000000 4299.074707 0.000000 0.969667 0.000000 0.244431 1.000000 1.000000 1.000000
3809.903320 0.000000 4303.053711 0.000000 0.994916 0.000000 -0.100712 1.000000 1.000000 1.000000
3826.956299 0.000000 4300.435547 0.000000 0.999340 0.000000 -0.036328 1.000000 1.000000 1.000000
3779.314697 0.000000 4315.284668 0.000000 0.999607 0.000000 0.028046 1.000000 1.000000 1.000000
3829.655029 0.000000 4299.062500 0.000000 0.997491 0.000000 0.070794 1.000000 1.000000 1.000000
3809.265137 0.000000 4301.635742 0.000000 0.999424 0.000000 0.033938 1.000000 1.000000 1.000000
"}
object={
	name="tree_mallorn_generator_1_3"
	render_pass=Map
	clamp_to_water_level=no
	generated_content=yes
	layer="tree_high_layer"
	pdxmesh="tree_mallorn_05_mesh"
	count=86
	transform="495.646851 0.000000 1787.722656 0.000000 0.860649 0.000000 -0.509198 1.000000 1.000000 1.000000
494.150726 0.000000 1786.778564 0.000000 0.849198 0.000000 -0.528074 1.000000 1.000000 1.000000
495.162476 0.000000 1786.667847 0.000000 0.743043 0.000000 -0.669244 1.000000 1.000000 1.000000
556.562866 0.000000 1805.595947 0.000000 0.807921 0.000000 -0.589291 1.000000 1.000000 1.000000
538.528015 0.000000 1798.298828 0.000000 0.697796 0.000000 -0.716297 1.000000 1.000000 1.000000
570.834473 0.000000 1796.140259 0.000000 0.907122 0.000000 -0.420868 1.000000 1.000000 1.000000
529.822266 0.000000 1799.104980 0.000000 0.960149 0.000000 -0.279487 1.000000 1.000000 1.000000
569.625305 0.000000 1797.240479 0.000000 0.828250 0.000000 -0.560359 1.000000 1.000000 1.000000
1517.487793 0.000000 2315.740234 0.000000 0.893056 0.000000 -0.449946 1.000000 1.000000 1.000000
1521.736572 0.000000 2325.199707 0.000000 0.919906 0.000000 -0.392139 1.000000 1.000000 1.000000
1535.250000 0.000000 2331.176025 0.000000 0.720250 0.000000 -0.693715 1.000000 1.000000 1.000000
1527.012451 0.000000 2331.782227 0.000000 0.887085 0.000000 -0.461605 1.000000 1.000000 1.000000
1523.187134 0.000000 2348.015869 0.000000 0.699550 0.000000 -0.714584 1.000000 1.000000 1.000000
1533.606079 0.000000 2353.371338 0.000000 0.929164 0.000000 -0.369668 1.000000 1.000000 1.000000
1526.871704 0.000000 2318.373291 0.000000 0.791423 0.000000 -0.611269 1.000000 1.000000 1.000000
1538.893433 0.000000 2343.451660 0.000000 0.898482 0.000000 -0.439011 1.000000 1.000000 1.000000
3745.999023 0.000000 4273.745117 0.000000 0.921272 0.000000 -0.388918 1.000000 1.000000 1.000000
3750.819336 0.000000 4287.596191 0.000000 0.748393 0.000000 -0.663255 1.000000 1.000000 1.000000
3762.464111 0.000000 4290.249023 0.000000 0.796643 0.000000 -0.604450 1.000000 1.000000 1.000000
3724.392822 0.000000 4271.797363 0.000000 0.701754 0.000000 -0.712419 1.000000 1.000000 1.000000
3771.219482 0.000000 4286.122070 0.000000 0.951818 0.000000 -0.306664 1.000000 1.000000 1.000000
3745.069824 0.000000 4270.212402 0.000000 0.964359 0.000000 -0.264596 1.000000 1.000000 1.000000
3730.663086 0.000000 4268.702148 0.000000 0.833732 0.000000 -0.552170 1.000000 1.000000 1.000000
3752.786133 0.000000 4283.908203 0.000000 0.709012 0.000000 -0.705196 1.000000 1.000000 1.000000
3745.213135 0.000000 4278.271484 0.000000 0.885819 0.000000 -0.464032 1.000000 1.000000 1.000000
3748.303711 0.000000 4274.261719 0.000000 0.933000 0.000000 -0.359877 1.000000 1.000000 1.000000
3766.192139 0.000000 4288.986816 0.000000 0.818223 0.000000 -0.574901 1.000000 1.000000 1.000000
3743.250488 0.000000 4288.221680 0.000000 0.855412 0.000000 -0.517949 1.000000 1.000000 1.000000
3749.289062 0.000000 4279.776367 0.000000 0.918734 0.000000 -0.394878 1.000000 1.000000 1.000000
3739.093262 0.000000 4274.135254 0.000000 0.911774 0.000000 -0.410692 1.000000 1.000000 1.000000
3752.263916 0.000000 4280.830078 0.000000 0.848831 0.000000 -0.528664 1.000000 1.000000 1.000000
3747.970459 0.000000 4278.200684 0.000000 0.666362 0.000000 -0.745628 1.000000 1.000000 1.000000
3746.465088 0.000000 4284.318359 0.000000 0.917628 0.000000 -0.397440 1.000000 1.000000 1.000000
3749.433350 0.000000 4277.347168 0.000000 0.829685 0.000000 -0.558231 1.000000 1.000000 1.000000
3781.219482 0.000000 4276.608398 0.000000 0.703509 0.000000 -0.710686 1.000000 1.000000 1.000000
3814.811523 0.000000 4287.596191 0.000000 0.790257 0.000000 -0.612776 1.000000 1.000000 1.000000
3776.556641 0.000000 4274.718262 0.000000 0.830210 0.000000 -0.557451 1.000000 1.000000 1.000000
3794.749756 0.000000 4280.000000 0.000000 0.789382 0.000000 -0.613902 1.000000 1.000000 1.000000
3782.853027 0.000000 4291.411621 0.000000 0.805867 0.000000 -0.592097 1.000000 1.000000 1.000000
3785.332031 0.000000 4297.536621 0.000000 0.850806 0.000000 -0.525481 1.000000 1.000000 1.000000
3817.647461 0.000000 4298.487793 0.000000 0.890258 0.000000 -0.455456 1.000000 1.000000 1.000000
3809.770020 0.000000 4280.184570 0.000000 0.760051 0.000000 -0.649863 1.000000 1.000000 1.000000
3808.630127 0.000000 4289.090332 0.000000 0.695273 0.000000 -0.718746 1.000000 1.000000 1.000000
3812.612061 0.000000 4285.924805 0.000000 0.680078 0.000000 -0.733140 1.000000 1.000000 1.000000
3827.740479 0.000000 4298.107422 0.000000 0.941609 0.000000 -0.336707 1.000000 1.000000 1.000000
3782.066162 0.000000 4284.882324 0.000000 0.935412 0.000000 -0.353560 1.000000 1.000000 1.000000
3798.823242 0.000000 4285.097168 0.000000 0.726051 0.000000 -0.687640 1.000000 1.000000 1.000000
3805.040527 0.000000 4286.814941 0.000000 0.664660 0.000000 -0.747146 1.000000 1.000000 1.000000
3823.240723 0.000000 4291.559082 0.000000 0.844757 0.000000 -0.535151 1.000000 1.000000 1.000000
3798.048340 0.000000 4283.400879 0.000000 0.668531 0.000000 -0.743684 1.000000 1.000000 1.000000
3794.178711 0.000000 4276.970703 0.000000 0.964938 0.000000 -0.262479 1.000000 1.000000 1.000000
3814.372559 0.000000 4298.384766 0.000000 0.951192 0.000000 -0.308600 1.000000 1.000000 1.000000
3812.271484 0.000000 4298.373047 0.000000 0.744985 0.000000 -0.667082 1.000000 1.000000 1.000000
3817.768799 0.000000 4293.814453 0.000000 0.879852 0.000000 -0.475248 1.000000 1.000000 1.000000
3819.555908 0.000000 4291.161133 0.000000 0.840953 0.000000 -0.541108 1.000000 1.000000 1.000000
3809.418945 0.000000 4284.029297 0.000000 0.862916 0.000000 -0.505347 1.000000 1.000000 1.000000
3794.361572 0.000000 4291.067871 0.000000 0.729861 0.000000 -0.683596 1.000000 1.000000 1.000000
3811.251465 0.000000 4285.020996 0.000000 0.909545 0.000000 -0.415606 1.000000 1.000000 1.000000
3777.234131 0.000000 4277.152344 0.000000 0.939816 0.000000 -0.341682 1.000000 1.000000 1.000000
3808.572998 0.000000 4286.657715 0.000000 0.840319 0.000000 -0.542092 1.000000 1.000000 1.000000
3793.341064 0.000000 4284.526367 0.000000 0.682395 0.000000 -0.730983 1.000000 1.000000 1.000000
3786.684570 0.000000 4297.174316 0.000000 0.757120 0.000000 -0.653276 1.000000 1.000000 1.000000
3788.979004 0.000000 4294.562500 0.000000 0.830861 0.000000 -0.556480 1.000000 1.000000 1.000000
3808.594727 0.000000 4287.879395 0.000000 0.889884 0.000000 -0.456186 1.000000 1.000000 1.000000
3799.068848 0.000000 4283.875000 0.000000 0.940250 0.000000 -0.340485 1.000000 1.000000 1.000000
3810.457275 0.000000 4284.318359 0.000000 0.793503 0.000000 -0.608566 1.000000 1.000000 1.000000
3818.586914 0.000000 4291.722168 0.000000 0.825357 0.000000 -0.564611 1.000000 1.000000 1.000000
3812.344727 0.000000 4297.289551 0.000000 0.788352 0.000000 -0.615224 1.000000 1.000000 1.000000
3791.316162 0.000000 4283.010254 0.000000 0.910135 0.000000 -0.414311 1.000000 1.000000 1.000000
3812.422852 0.000000 4296.338867 0.000000 0.949089 0.000000 -0.315007 1.000000 1.000000 1.000000
3789.254150 0.000000 4283.165039 0.000000 0.922598 0.000000 -0.385763 1.000000 1.000000 1.000000
3822.272217 0.000000 4289.562988 0.000000 0.782192 0.000000 -0.623037 1.000000 1.000000 1.000000
3801.424072 0.000000 4283.076172 0.000000 0.711249 0.000000 -0.702940 1.000000 1.000000 1.000000
3757.391602 0.000000 4302.705566 0.000000 0.894003 0.000000 -0.448061 1.000000 1.000000 1.000000
3827.659424 0.000000 4308.378418 0.000000 0.958907 0.000000 -0.283719 1.000000 1.000000 1.000000
3795.975586 0.000000 4302.924805 0.000000 0.963861 0.000000 -0.266405 1.000000 1.000000 1.000000
3820.437988 0.000000 4316.866699 0.000000 0.843469 0.000000 -0.537177 1.000000 1.000000 1.000000
3779.649658 0.000000 4316.843262 0.000000 0.774864 0.000000 -0.632128 1.000000 1.000000 1.000000
3822.881104 0.000000 4318.103027 0.000000 0.942404 0.000000 -0.334477 1.000000 1.000000 1.000000
3811.912598 0.000000 4299.095215 0.000000 0.968575 0.000000 -0.248723 1.000000 1.000000 1.000000
3788.477539 0.000000 4307.279785 0.000000 0.887928 0.000000 -0.459983 1.000000 1.000000 1.000000
3784.871826 0.000000 4309.809082 0.000000 0.810642 0.000000 -0.585542 1.000000 1.000000 1.000000
3787.385742 0.000000 4302.784180 0.000000 0.734739 0.000000 -0.678349 1.000000 1.000000 1.000000
3778.084473 0.000000 4316.109375 0.000000 0.799346 0.000000 -0.600871 1.000000 1.000000 1.000000
3827.789062 0.000000 4301.780273 0.000000 0.940251 0.000000 -0.340482 1.000000 1.000000 1.000000
3810.357178 0.000000 4301.980469 0.000000 0.862779 0.000000 -0.505582 1.000000 1.000000 1.000000
"}
object={
	name="tree_mallorn_generator_1_4"
	render_pass=Map
	clamp_to_water_level=no
	generated_content=yes
	layer="tree_high_layer"
	pdxmesh="tree_mallorn_06_mesh"
	count=94
	transform="501.278320 0.000000 1792.031616 0.000000 0.246280 0.000000 -0.969199 1.000000 1.000000 1.000000
497.240295 0.000000 1787.014282 0.000000 0.442031 0.000000 -0.897000 1.000000 1.000000 1.000000
492.999573 0.000000 1792.465088 0.000000 0.218322 0.000000 -0.975877 1.000000 1.000000 1.000000
499.182159 0.000000 1784.856445 0.000000 0.634085 0.000000 -0.773263 1.000000 1.000000 1.000000
492.777679 0.000000 1789.554443 0.000000 0.153450 0.000000 -0.988156 1.000000 1.000000 1.000000
490.836914 0.000000 1791.303711 0.000000 0.261246 0.000000 -0.965272 1.000000 1.000000 1.000000
488.287048 0.000000 1792.154663 0.000000 0.290423 0.000000 -0.956898 1.000000 1.000000 1.000000
491.406952 0.000000 1790.207520 0.000000 0.544062 0.000000 -0.839045 1.000000 1.000000 1.000000
493.536285 0.000000 1790.631592 0.000000 0.410487 0.000000 -0.911866 1.000000 1.000000 1.000000
495.363190 0.000000 1784.754761 0.000000 0.210442 0.000000 -0.977606 1.000000 1.000000 1.000000
486.797546 0.000000 1793.360107 0.000000 0.329983 0.000000 -0.943987 1.000000 1.000000 1.000000
540.108154 0.000000 1792.669678 0.000000 0.422418 0.000000 -0.906401 1.000000 1.000000 1.000000
532.196838 0.000000 1795.317993 0.000000 0.465430 0.000000 -0.885085 1.000000 1.000000 1.000000
540.205322 0.000000 1795.323242 0.000000 0.389421 0.000000 -0.921060 1.000000 1.000000 1.000000
557.713867 0.000000 1803.045776 0.000000 0.618677 0.000000 -0.785645 1.000000 1.000000 1.000000
555.058411 0.000000 1803.369507 0.000000 0.628692 0.000000 -0.777654 1.000000 1.000000 1.000000
558.952087 0.000000 1803.639404 0.000000 0.259840 0.000000 -0.965652 1.000000 1.000000 1.000000
566.648010 0.000000 1797.575439 0.000000 0.413779 0.000000 -0.910377 1.000000 1.000000 1.000000
576.228943 0.000000 1799.257446 0.000000 0.400198 0.000000 -0.916429 1.000000 1.000000 1.000000
1520.184204 0.000000 2319.061523 0.000000 0.658159 0.000000 -0.752879 1.000000 1.000000 1.000000
1529.514648 0.000000 2354.014404 0.000000 0.376028 0.000000 -0.926608 1.000000 1.000000 1.000000
1532.927246 0.000000 2351.904785 0.000000 0.574107 0.000000 -0.818781 1.000000 1.000000 1.000000
1532.796265 0.000000 2325.724121 0.000000 0.392962 0.000000 -0.919555 1.000000 1.000000 1.000000
1521.288330 0.000000 2361.145020 0.000000 0.322271 0.000000 -0.946648 1.000000 1.000000 1.000000
1516.091675 0.000000 2360.734863 0.000000 0.277246 0.000000 -0.960799 1.000000 1.000000 1.000000
1517.695679 0.000000 2320.887939 0.000000 0.507380 0.000000 -0.861722 1.000000 1.000000 1.000000
1529.150513 0.000000 2357.863281 0.000000 0.624813 0.000000 -0.780775 1.000000 1.000000 1.000000
1539.704346 0.000000 2342.527832 0.000000 0.525290 0.000000 -0.850923 1.000000 1.000000 1.000000
3735.466797 0.000000 4273.053711 0.000000 0.486373 0.000000 -0.873751 1.000000 1.000000 1.000000
3773.626709 0.000000 4295.380859 0.000000 0.266920 0.000000 -0.963719 1.000000 1.000000 1.000000
3763.611816 0.000000 4293.280273 0.000000 0.254037 0.000000 -0.967194 1.000000 1.000000 1.000000
3746.989746 0.000000 4283.373047 0.000000 0.477056 0.000000 -0.878873 1.000000 1.000000 1.000000
3733.308838 0.000000 4272.072266 0.000000 0.505469 0.000000 -0.862845 1.000000 1.000000 1.000000
3764.375000 0.000000 4288.793457 0.000000 0.125341 0.000000 -0.992114 1.000000 1.000000 1.000000
3751.662354 0.000000 4281.994141 0.000000 0.348843 0.000000 -0.937181 1.000000 1.000000 1.000000
3738.867920 0.000000 4285.220215 0.000000 0.533080 0.000000 -0.846065 1.000000 1.000000 1.000000
3767.814453 0.000000 4289.788574 0.000000 0.569382 0.000000 -0.822073 1.000000 1.000000 1.000000
3762.161621 0.000000 4286.641113 0.000000 0.301543 0.000000 -0.953452 1.000000 1.000000 1.000000
3750.232666 0.000000 4281.062500 0.000000 0.324626 0.000000 -0.945842 1.000000 1.000000 1.000000
3750.376709 0.000000 4276.923828 0.000000 0.518389 0.000000 -0.855145 1.000000 1.000000 1.000000
3748.424805 0.000000 4277.224121 0.000000 0.268382 0.000000 -0.963313 1.000000 1.000000 1.000000
3745.171387 0.000000 4289.902832 0.000000 0.590069 0.000000 -0.807353 1.000000 1.000000 1.000000
3738.760498 0.000000 4279.255859 0.000000 0.632906 0.000000 -0.774229 1.000000 1.000000 1.000000
3796.505371 0.000000 4295.393555 0.000000 0.649274 0.000000 -0.760555 1.000000 1.000000 1.000000
3800.894287 0.000000 4280.698730 0.000000 0.521573 0.000000 -0.853207 1.000000 1.000000 1.000000
3821.407959 0.000000 4292.317871 0.000000 0.601098 0.000000 -0.799175 1.000000 1.000000 1.000000
3775.542236 0.000000 4294.166504 0.000000 0.290935 0.000000 -0.956743 1.000000 1.000000 1.000000
3813.767090 0.000000 4292.249512 0.000000 0.300427 0.000000 -0.953805 1.000000 1.000000 1.000000
3784.892090 0.000000 4278.744141 0.000000 0.379135 0.000000 -0.925341 1.000000 1.000000 1.000000
3804.530762 0.000000 4280.744629 0.000000 0.154515 0.000000 -0.987990 1.000000 1.000000 1.000000
3780.343750 0.000000 4283.289551 0.000000 0.339253 0.000000 -0.940695 1.000000 1.000000 1.000000
3790.145264 0.000000 4293.895020 0.000000 0.604268 0.000000 -0.796781 1.000000 1.000000 1.000000
3789.272949 0.000000 4285.466797 0.000000 0.226255 0.000000 -0.974068 1.000000 1.000000 1.000000
3816.333252 0.000000 4293.002930 0.000000 0.442537 0.000000 -0.896750 1.000000 1.000000 1.000000
3794.716064 0.000000 4289.477539 0.000000 0.134409 0.000000 -0.990926 1.000000 1.000000 1.000000
3779.757324 0.000000 4278.360352 0.000000 0.224016 0.000000 -0.974586 1.000000 1.000000 1.000000
3786.531494 0.000000 4295.633301 0.000000 0.272113 0.000000 -0.962265 1.000000 1.000000 1.000000
3775.575195 0.000000 4276.665039 0.000000 0.658496 0.000000 -0.752584 1.000000 1.000000 1.000000
3788.219482 0.000000 4283.461426 0.000000 0.451908 0.000000 -0.892065 1.000000 1.000000 1.000000
3802.860107 0.000000 4285.220215 0.000000 0.158679 0.000000 -0.987330 1.000000 1.000000 1.000000
3826.906006 0.000000 4284.945801 0.000000 0.577402 0.000000 -0.816460 1.000000 1.000000 1.000000
3812.958252 0.000000 4283.088867 0.000000 0.267813 0.000000 -0.963471 1.000000 1.000000 1.000000
3791.915527 0.000000 4282.118652 0.000000 0.332448 0.000000 -0.943121 1.000000 1.000000 1.000000
3810.053467 0.000000 4295.525391 0.000000 0.172561 0.000000 -0.984999 1.000000 1.000000 1.000000
3821.713379 0.000000 4288.696289 0.000000 0.419759 0.000000 -0.907636 1.000000 1.000000 1.000000
3811.679932 0.000000 4292.806641 0.000000 0.190871 0.000000 -0.981615 1.000000 1.000000 1.000000
3795.208740 0.000000 4283.715332 0.000000 0.327540 0.000000 -0.944837 1.000000 1.000000 1.000000
3801.764893 0.000000 4286.795898 0.000000 0.620529 0.000000 -0.784183 1.000000 1.000000 1.000000
3789.698486 0.000000 4297.270508 0.000000 0.623827 0.000000 -0.781563 1.000000 1.000000 1.000000
3791.514160 0.000000 4293.289551 0.000000 0.598650 0.000000 -0.801011 1.000000 1.000000 1.000000
3807.228760 0.000000 4289.735840 0.000000 0.299544 0.000000 -0.954082 1.000000 1.000000 1.000000
3809.763428 0.000000 4282.505859 0.000000 0.214918 0.000000 -0.976632 1.000000 1.000000 1.000000
3817.664795 0.000000 4292.300781 0.000000 0.125394 0.000000 -0.992107 1.000000 1.000000 1.000000
3811.944092 0.000000 4282.300293 0.000000 0.397975 0.000000 -0.917396 1.000000 1.000000 1.000000
3832.611572 0.000000 4292.086914 0.000000 0.200804 0.000000 -0.979631 1.000000 1.000000 1.000000
3819.000977 0.000000 4294.043945 0.000000 0.445965 0.000000 -0.895050 1.000000 1.000000 1.000000
3811.290771 0.000000 4295.545410 0.000000 0.418115 0.000000 -0.908394 1.000000 1.000000 1.000000
3818.613037 0.000000 4290.566895 0.000000 0.133673 0.000000 -0.991026 1.000000 1.000000 1.000000
3803.786377 0.000000 4281.549316 0.000000 0.514362 0.000000 -0.857573 1.000000 1.000000 1.000000
3817.475586 0.000000 4289.288574 0.000000 0.546357 0.000000 -0.837552 1.000000 1.000000 1.000000
3817.697998 0.000000 4295.943848 0.000000 0.211414 0.000000 -0.977397 1.000000 1.000000 1.000000
3832.226562 0.000000 4293.851562 0.000000 0.641706 0.000000 -0.766951 1.000000 1.000000 1.000000
3818.189209 0.000000 4293.014648 0.000000 0.242112 0.000000 -0.970248 1.000000 1.000000 1.000000
3752.370850 0.000000 4308.441895 0.000000 0.498792 0.000000 -0.866721 1.000000 1.000000 1.000000
3798.815186 0.000000 4310.904785 0.000000 0.201313 0.000000 -0.979527 1.000000 1.000000 1.000000
3775.838379 0.000000 4312.652832 0.000000 0.263506 0.000000 -0.964658 1.000000 1.000000 1.000000
3783.997803 0.000000 4307.577148 0.000000 0.332322 0.000000 -0.943166 1.000000 1.000000 1.000000
3789.733643 0.000000 4311.339844 0.000000 0.326816 0.000000 -0.945088 1.000000 1.000000 1.000000
3818.781982 0.000000 4299.197266 0.000000 0.587886 0.000000 -0.808944 1.000000 1.000000 1.000000
3786.255371 0.000000 4315.064453 0.000000 0.213819 0.000000 -0.976873 1.000000 1.000000 1.000000
3805.924561 0.000000 4307.057129 0.000000 0.467394 0.000000 -0.884049 1.000000 1.000000 1.000000
3788.797607 0.000000 4309.415039 0.000000 0.305109 0.000000 -0.952317 1.000000 1.000000 1.000000
3811.599365 0.000000 4303.515625 0.000000 0.555945 0.000000 -0.831219 1.000000 1.000000 1.000000
3811.924072 0.000000 4300.406738 0.000000 0.453220 0.000000 -0.891399 1.000000 1.000000 1.000000
"}
object={
	name="tree_mallorn_generator_1_5"
	render_pass=Map
	clamp_to_water_level=no
	generated_content=yes
	layer="tree_high_layer"
	pdxmesh="tree_mallorn_01_mesh"
	count=24
	transform="492.652222 0.000000 1785.839722 0.000000 0.034565 0.000000 -0.999402 1.000000 1.000000 1.000000
566.689331 0.000000 1796.369629 0.000000 0.008047 0.000000 -0.999968 1.000000 1.000000 1.000000
565.354797 0.000000 1803.090088 0.000000 0.070525 0.000000 -0.997510 1.000000 1.000000 1.000000
538.972839 0.000000 1796.576782 0.000000 0.065509 0.000000 -0.997852 1.000000 1.000000 1.000000
564.396240 0.000000 1800.889038 0.000000 0.065006 0.000000 -0.997885 1.000000 1.000000 1.000000
538.077332 0.000000 1796.215088 0.000000 0.094485 0.000000 -0.995526 1.000000 1.000000 1.000000
1518.323364 0.000000 2312.915039 0.000000 0.115357 0.000000 -0.993324 1.000000 1.000000 1.000000
3767.732178 0.000000 4287.990234 0.000000 0.069654 0.000000 -0.997571 1.000000 1.000000 1.000000
3739.877197 0.000000 4270.356934 0.000000 0.064726 0.000000 -0.997903 1.000000 1.000000 1.000000
3746.146240 0.000000 4276.477051 0.000000 0.042420 0.000000 -0.999100 1.000000 1.000000 1.000000
3750.425781 0.000000 4279.636719 0.000000 0.090211 0.000000 -0.995923 1.000000 1.000000 1.000000
3746.208252 0.000000 4277.954102 0.000000 0.055089 0.000000 -0.998481 1.000000 1.000000 1.000000
3831.724365 0.000000 4287.990234 0.000000 0.092456 0.000000 -0.995717 1.000000 1.000000 1.000000
3790.318604 0.000000 4283.070312 0.000000 0.078017 0.000000 -0.996952 1.000000 1.000000 1.000000
3793.537598 0.000000 4283.058105 0.000000 0.101205 0.000000 -0.994866 1.000000 1.000000 1.000000
3794.278809 0.000000 4293.915527 0.000000 0.045184 0.000000 -0.998979 1.000000 1.000000 1.000000
3800.022705 0.000000 4284.469238 0.000000 0.116903 0.000000 -0.993143 1.000000 1.000000 1.000000
3816.005371 0.000000 4290.751953 0.000000 0.100169 0.000000 -0.994970 1.000000 1.000000 1.000000
3810.753174 0.000000 4282.504395 0.000000 0.014355 0.000000 -0.999897 1.000000 1.000000 1.000000
3833.526367 0.000000 4292.708008 0.000000 0.033443 0.000000 -0.999441 1.000000 1.000000 1.000000
3781.989258 0.000000 4299.283691 0.000000 0.091843 0.000000 -0.995773 1.000000 1.000000 1.000000
3788.651367 0.000000 4301.441895 0.000000 0.097245 0.000000 -0.995260 1.000000 1.000000 1.000000
3808.749023 0.000000 4302.560547 0.000000 0.069206 0.000000 -0.997602 1.000000 1.000000 1.000000
3808.818359 0.000000 4300.359375 0.000000 0.030624 0.000000 -0.999531 1.000000 1.000000 1.000000
"}
