object={
	name="tree_sakura_01_generator_0"
	render_pass=Map
	clamp_to_water_level=no
	generated_content=yes
	layer="tree_high_layer"
	pdxmesh="tree_sakura_01_mesh"
	count=58
	transform="7405.096191 0.000000 3011.282715 0.000000 0.626391 0.000000 -0.779509 1.000000 1.000000 1.000000
7415.287109 0.000000 3012.450928 0.000000 0.998588 0.000000 0.053116 1.000000 1.000000 1.000000
7420.033691 0.000000 3016.209961 0.000000 0.949137 0.000000 -0.314864 1.000000 1.000000 1.000000
7421.181641 0.000000 3019.841309 0.000000 0.567910 0.000000 -0.823091 1.000000 1.000000 1.000000
7377.100586 0.000000 3007.518555 0.000000 0.350764 0.000000 0.936464 1.000000 1.000000 1.000000
7383.108887 0.000000 2994.864990 0.000000 0.697857 0.000000 0.716237 1.000000 1.000000 1.000000
7405.911621 0.000000 3019.043945 0.000000 0.936863 0.000000 0.349696 1.000000 1.000000 1.000000
7380.863770 0.000000 2996.532959 0.000000 0.915416 0.000000 0.402509 1.000000 1.000000 1.000000
7421.936523 0.000000 3017.673340 0.000000 0.114272 0.000000 0.993450 1.000000 1.000000 1.000000
7379.154297 0.000000 3006.693115 0.000000 0.291142 0.000000 -0.956680 1.000000 1.000000 1.000000
7376.461426 0.000000 2995.578125 0.000000 0.229656 0.000000 0.973272 1.000000 1.000000 1.000000
7419.830078 0.000000 3008.750977 0.000000 0.803478 0.000000 0.595335 1.000000 1.000000 1.000000
7406.803711 0.000000 3016.019775 0.000000 0.414148 0.000000 0.910210 1.000000 1.000000 1.000000
7380.849609 0.000000 2992.124268 0.000000 0.994963 0.000000 -0.100248 1.000000 1.000000 1.000000
7382.238770 0.000000 2993.226074 0.000000 0.905187 0.000000 0.425014 1.000000 1.000000 1.000000
7409.716309 0.000000 3011.101807 0.000000 0.967559 0.000000 -0.252646 1.000000 1.000000 1.000000
7421.655273 0.000000 3016.182617 0.000000 0.946759 0.000000 -0.321943 1.000000 1.000000 1.000000
7384.770508 0.000000 3008.476318 0.000000 0.932632 0.000000 0.360829 1.000000 1.000000 1.000000
7416.776855 0.000000 3013.852051 0.000000 0.240422 0.000000 0.970668 1.000000 1.000000 1.000000
7381.523926 0.000000 3004.824219 0.000000 0.937319 0.000000 -0.348473 1.000000 1.000000 1.000000
7427.898438 0.000000 3007.750244 0.000000 0.832776 0.000000 0.553610 1.000000 1.000000 1.000000
7426.375488 0.000000 3008.893311 0.000000 0.021036 0.000000 -0.999779 1.000000 1.000000 1.000000
7426.951172 0.000000 3006.533936 0.000000 0.109303 0.000000 -0.994008 1.000000 1.000000 1.000000
7388.777832 0.000000 3033.339600 0.000000 0.540473 0.000000 -0.841362 1.000000 1.000000 1.000000
7384.875000 0.000000 3032.684082 0.000000 0.356028 0.000000 -0.934475 1.000000 1.000000 1.000000
7391.478027 0.000000 3035.127686 0.000000 0.307521 0.000000 0.951541 1.000000 1.000000 1.000000
7365.626465 0.000000 3045.939209 0.000000 0.163467 0.000000 -0.986549 1.000000 1.000000 1.000000
7387.339844 0.000000 3034.993652 0.000000 0.703531 0.000000 -0.710664 1.000000 1.000000 1.000000
7389.460449 0.000000 3034.940674 0.000000 0.526816 0.000000 -0.849979 1.000000 1.000000 1.000000
7395.963867 0.000000 3033.135742 0.000000 0.683438 0.000000 -0.730009 1.000000 1.000000 1.000000
7386.535156 0.000000 3033.452393 0.000000 0.999057 0.000000 0.043411 1.000000 1.000000 1.000000
7364.234863 0.000000 3040.299805 0.000000 0.147202 0.000000 0.989106 1.000000 1.000000 1.000000
7340.886230 0.000000 3078.584961 0.000000 0.004013 0.000000 0.999992 1.000000 1.000000 1.000000
7340.985352 0.000000 3076.762939 0.000000 0.736635 0.000000 -0.676290 1.000000 1.000000 1.000000
7338.870605 0.000000 3074.690674 0.000000 0.892343 0.000000 0.451358 1.000000 1.000000 1.000000
7341.689941 0.000000 3077.746826 0.000000 0.990222 0.000000 0.139499 1.000000 1.000000 1.000000
7340.540527 0.000000 3077.656982 0.000000 0.439001 0.000000 0.898487 1.000000 1.000000 1.000000
7380.296875 0.000000 3103.616943 0.000000 0.994911 0.000000 -0.100761 1.000000 1.000000 1.000000
7388.093262 0.000000 3099.689697 0.000000 0.999990 0.000000 0.004579 1.000000 1.000000 1.000000
7410.364746 0.000000 3076.666260 0.000000 0.943062 0.000000 -0.332616 1.000000 1.000000 1.000000
7412.932129 0.000000 3092.680664 0.000000 0.457290 0.000000 -0.889318 1.000000 1.000000 1.000000
7405.911621 0.000000 3113.528320 0.000000 0.080400 0.000000 0.996763 1.000000 1.000000 1.000000
7409.018066 0.000000 3081.074707 0.000000 0.452221 0.000000 0.891906 1.000000 1.000000 1.000000
7412.753418 0.000000 3076.796387 0.000000 0.425131 0.000000 -0.905132 1.000000 1.000000 1.000000
7419.272461 0.000000 3076.273193 0.000000 0.296063 0.000000 0.955169 1.000000 1.000000 1.000000
7406.657227 0.000000 3117.924561 0.000000 0.990689 0.000000 0.136143 1.000000 1.000000 1.000000
7382.386230 0.000000 3104.042236 0.000000 0.942657 0.000000 0.333763 1.000000 1.000000 1.000000
7388.957031 0.000000 3098.012451 0.000000 0.296364 0.000000 0.955075 1.000000 1.000000 1.000000
7389.229004 0.000000 3099.156982 0.000000 0.923159 0.000000 0.384418 1.000000 1.000000 1.000000
7407.128418 0.000000 3119.659668 0.000000 0.135461 0.000000 -0.990783 1.000000 1.000000 1.000000
7438.973145 0.000000 3070.356689 0.000000 0.807907 0.000000 -0.589310 1.000000 1.000000 1.000000
7441.916504 0.000000 3062.770752 0.000000 0.814611 0.000000 0.580007 1.000000 1.000000 1.000000
7439.067871 0.000000 3072.469727 0.000000 0.800618 0.000000 -0.599175 1.000000 1.000000 1.000000
7431.552734 0.000000 3079.280273 0.000000 0.244404 0.000000 0.969673 1.000000 1.000000 1.000000
7431.353027 0.000000 3076.139893 0.000000 0.310140 0.000000 0.950691 1.000000 1.000000 1.000000
7433.839355 0.000000 3076.156250 0.000000 0.923312 0.000000 -0.384051 1.000000 1.000000 1.000000
7437.705566 0.000000 3073.307617 0.000000 0.383176 0.000000 0.923675 1.000000 1.000000 1.000000
7433.872070 0.000000 3077.722900 0.000000 0.706514 0.000000 -0.707699 1.000000 1.000000 1.000000
"}
