object={
	name="tree_willow_generator_1_0"
	render_pass=Map
	clamp_to_water_level=no
	generated_content=yes
	layer="tree_high_layer"
	pdxmesh="tree_willow_01_mesh"
	count=326
	transform="3702.677002 0.000000 922.698547 0.000000 0.996359 0.000000 0.085258 1.000000 1.000000 1.000000
3703.096191 0.000000 916.604431 0.000000 0.245596 0.000000 0.969372 1.000000 1.000000 1.000000
592.751465 0.000000 1754.185913 0.000000 0.848149 0.000000 0.529758 1.000000 1.000000 1.000000
591.903381 0.000000 1749.688232 0.000000 0.187219 0.000000 0.982318 1.000000 1.000000 1.000000
593.814453 0.000000 1751.862793 0.000000 0.941662 0.000000 0.336560 1.000000 1.000000 1.000000
5237.013672 0.000000 1137.083862 0.000000 0.980321 0.000000 0.197412 1.000000 1.000000 1.000000
5189.913086 0.000000 1139.343750 0.000000 0.909115 0.000000 0.416545 1.000000 1.000000 1.000000
5188.926758 0.000000 1142.533081 0.000000 0.697735 0.000000 0.716356 1.000000 1.000000 1.000000
5234.172363 0.000000 1136.825439 0.000000 0.236661 0.000000 0.971592 1.000000 1.000000 1.000000
5237.019043 0.000000 1139.866577 0.000000 0.413569 0.000000 0.910473 1.000000 1.000000 1.000000
5219.742188 0.000000 1148.285278 0.000000 0.009666 0.000000 0.999953 1.000000 1.000000 1.000000
5201.158691 0.000000 1163.067871 0.000000 0.017944 0.000000 0.999839 1.000000 1.000000 1.000000
5218.727539 0.000000 1151.627197 0.000000 0.353508 0.000000 0.935432 1.000000 1.000000 1.000000
5298.037598 0.000000 2078.124268 0.000000 0.976327 0.000000 0.216301 1.000000 1.000000 1.000000
5297.485840 0.000000 2078.812256 0.000000 0.709819 0.000000 0.704384 1.000000 1.000000 1.000000
5299.198242 0.000000 2090.136719 0.000000 0.966218 0.000000 0.257725 1.000000 1.000000 1.000000
5928.712402 0.000000 2500.170898 0.000000 0.465982 0.000000 0.884794 1.000000 1.000000 1.000000
5923.157715 0.000000 2493.809814 0.000000 0.973091 0.000000 0.230421 1.000000 1.000000 1.000000
5914.853516 0.000000 2492.314209 0.000000 0.781404 0.000000 0.624025 1.000000 1.000000 1.000000
5920.372559 0.000000 2493.886719 0.000000 0.810868 0.000000 0.585229 1.000000 1.000000 1.000000
5901.186523 0.000000 2487.027100 0.000000 0.251213 0.000000 0.967932 1.000000 1.000000 1.000000
5950.221191 0.000000 2531.132568 0.000000 0.493180 0.000000 0.869928 1.000000 1.000000 1.000000
5930.524414 0.000000 2503.993896 0.000000 0.997907 0.000000 0.064661 1.000000 1.000000 1.000000
5949.772461 0.000000 2533.153809 0.000000 0.917504 0.000000 0.397728 1.000000 1.000000 1.000000
5943.706543 0.000000 2544.953125 0.000000 0.639734 0.000000 0.768597 1.000000 1.000000 1.000000
5942.810059 0.000000 2544.487793 0.000000 0.543652 0.000000 0.839311 1.000000 1.000000 1.000000
5962.715820 0.000000 2505.531738 0.000000 0.731795 0.000000 0.681524 1.000000 1.000000 1.000000
6015.046387 0.000000 2516.162598 0.000000 0.928337 0.000000 0.371741 1.000000 1.000000 1.000000
5975.673340 0.000000 2505.612549 0.000000 0.985482 0.000000 0.169778 1.000000 1.000000 1.000000
6008.385742 0.000000 2521.939209 0.000000 0.989398 0.000000 0.145231 1.000000 1.000000 1.000000
5975.669922 0.000000 2504.121094 0.000000 0.898356 0.000000 0.439269 1.000000 1.000000 1.000000
6009.511230 0.000000 2521.444336 0.000000 0.880287 0.000000 0.474442 1.000000 1.000000 1.000000
6017.626465 0.000000 2519.242432 0.000000 0.925404 0.000000 0.378983 1.000000 1.000000 1.000000
6015.670410 0.000000 2519.824707 0.000000 0.952201 0.000000 0.305473 1.000000 1.000000 1.000000
6016.971191 0.000000 2517.969482 0.000000 0.944830 0.000000 0.327561 1.000000 1.000000 1.000000
6588.880859 0.000000 2424.071045 0.000000 0.983057 0.000000 0.183302 1.000000 1.000000 1.000000
6618.366211 0.000000 2433.010986 0.000000 0.692084 0.000000 0.721817 1.000000 1.000000 1.000000
6617.410156 0.000000 2426.759033 0.000000 0.154604 0.000000 0.987977 1.000000 1.000000 1.000000
6596.270996 0.000000 2424.602783 0.000000 0.424928 0.000000 0.905227 1.000000 1.000000 1.000000
6594.854492 0.000000 2415.895264 0.000000 0.457118 0.000000 0.889406 1.000000 1.000000 1.000000
6476.057129 0.000000 2476.593994 0.000000 0.583736 0.000000 0.811943 1.000000 1.000000 1.000000
6479.551758 0.000000 2478.228516 0.000000 0.886717 0.000000 0.462313 1.000000 1.000000 1.000000
6498.628418 0.000000 2472.648682 0.000000 0.793048 0.000000 0.609159 1.000000 1.000000 1.000000
6513.756836 0.000000 2498.933594 0.000000 0.462476 0.000000 0.886632 1.000000 1.000000 1.000000
6512.262695 0.000000 2499.571777 0.000000 0.660372 0.000000 0.750939 1.000000 1.000000 1.000000
6523.693359 0.000000 2511.728027 0.000000 0.599877 0.000000 0.800092 1.000000 1.000000 1.000000
6524.576660 0.000000 2510.383545 0.000000 0.475950 0.000000 0.879472 1.000000 1.000000 1.000000
6515.222656 0.000000 2511.111328 0.000000 0.564416 0.000000 0.825490 1.000000 1.000000 1.000000
6757.015137 0.000000 2643.504150 0.000000 0.878677 0.000000 0.477416 1.000000 1.000000 1.000000
6761.288086 0.000000 2645.010986 0.000000 0.995269 0.000000 0.097158 1.000000 1.000000 1.000000
6758.266602 0.000000 2642.630615 0.000000 0.205081 0.000000 0.978745 1.000000 1.000000 1.000000
6759.906738 0.000000 2644.911621 0.000000 0.925788 0.000000 0.378043 1.000000 1.000000 1.000000
6765.469727 0.000000 2642.284180 0.000000 0.103106 0.000000 0.994670 1.000000 1.000000 1.000000
6732.113281 0.000000 2634.793701 0.000000 0.668018 0.000000 0.744145 1.000000 1.000000 1.000000
6733.135254 0.000000 2635.732666 0.000000 0.007482 0.000000 0.999972 1.000000 1.000000 1.000000
6764.487793 0.000000 2641.888672 0.000000 0.992378 0.000000 0.123233 1.000000 1.000000 1.000000
6556.440430 0.000000 2678.390381 0.000000 0.873397 0.000000 0.487009 1.000000 1.000000 1.000000
6558.728027 0.000000 2680.299805 0.000000 0.590318 0.000000 0.807171 1.000000 1.000000 1.000000
6556.705078 0.000000 2680.580322 0.000000 0.810529 0.000000 0.585699 1.000000 1.000000 1.000000
6580.824219 0.000000 2691.193604 0.000000 0.658962 0.000000 0.752176 1.000000 1.000000 1.000000
6575.005859 0.000000 2688.886230 0.000000 0.671560 0.000000 0.740950 1.000000 1.000000 1.000000
6569.377930 0.000000 2691.252197 0.000000 0.660998 0.000000 0.750387 1.000000 1.000000 1.000000
6616.873047 0.000000 2684.083496 0.000000 0.203282 0.000000 0.979120 1.000000 1.000000 1.000000
6616.125000 0.000000 2687.866699 0.000000 0.576688 0.000000 0.816965 1.000000 1.000000 1.000000
6617.465332 0.000000 2685.491211 0.000000 0.800171 0.000000 0.599772 1.000000 1.000000 1.000000
6580.650879 0.000000 2708.501953 0.000000 0.259674 0.000000 0.965696 1.000000 1.000000 1.000000
6580.083008 0.000000 2693.345947 0.000000 0.852801 0.000000 0.522236 1.000000 1.000000 1.000000
6583.103516 0.000000 2707.450684 0.000000 0.039051 0.000000 0.999237 1.000000 1.000000 1.000000
6589.966797 0.000000 2701.957275 0.000000 0.817150 0.000000 0.576425 1.000000 1.000000 1.000000
6590.633301 0.000000 2709.113525 0.000000 0.946085 0.000000 0.323919 1.000000 1.000000 1.000000
6574.425781 0.000000 2706.284180 0.000000 0.451287 0.000000 0.892379 1.000000 1.000000 1.000000
6579.460938 0.000000 2697.285645 0.000000 0.900484 0.000000 0.434889 1.000000 1.000000 1.000000
6581.659668 0.000000 2706.478516 0.000000 0.598163 0.000000 0.801374 1.000000 1.000000 1.000000
6589.150391 0.000000 2700.668457 0.000000 0.991290 0.000000 0.131698 1.000000 1.000000 1.000000
6581.319336 0.000000 2692.827881 0.000000 0.804459 0.000000 0.594008 1.000000 1.000000 1.000000
6575.365234 0.000000 2707.197998 0.000000 0.727803 0.000000 0.685786 1.000000 1.000000 1.000000
6580.658203 0.000000 2707.206299 0.000000 0.999413 0.000000 0.034246 1.000000 1.000000 1.000000
6588.440430 0.000000 2706.506104 0.000000 0.587563 0.000000 0.809179 1.000000 1.000000 1.000000
6652.127441 0.000000 2732.756836 0.000000 0.296965 0.000000 0.954888 1.000000 1.000000 1.000000
6605.390137 0.000000 2705.105469 0.000000 0.168700 0.000000 0.985667 1.000000 1.000000 1.000000
6626.612793 0.000000 2708.859619 0.000000 0.002320 0.000000 0.999997 1.000000 1.000000 1.000000
6614.959961 0.000000 2700.591797 0.000000 0.925673 0.000000 0.378324 1.000000 1.000000 1.000000
6633.724121 0.000000 2703.644287 0.000000 0.208842 0.000000 0.977949 1.000000 1.000000 1.000000
6591.600098 0.000000 2708.793457 0.000000 0.748053 0.000000 0.663639 1.000000 1.000000 1.000000
6598.314453 0.000000 2702.871582 0.000000 0.648335 0.000000 0.761356 1.000000 1.000000 1.000000
6627.570312 0.000000 2707.277588 0.000000 0.612473 0.000000 0.790492 1.000000 1.000000 1.000000
6612.338379 0.000000 2698.428955 0.000000 0.904360 0.000000 0.426770 1.000000 1.000000 1.000000
6624.825195 0.000000 2709.094238 0.000000 0.748923 0.000000 0.662657 1.000000 1.000000 1.000000
6648.223145 0.000000 2738.797363 0.000000 0.269144 0.000000 0.963100 1.000000 1.000000 1.000000
6621.768066 0.000000 2710.817871 0.000000 0.863680 0.000000 0.504041 1.000000 1.000000 1.000000
6653.749023 0.000000 2732.729492 0.000000 0.492491 0.000000 0.870318 1.000000 1.000000 1.000000
6603.108398 0.000000 2702.137451 0.000000 0.890123 0.000000 0.455720 1.000000 1.000000 1.000000
6649.167480 0.000000 2739.882324 0.000000 0.918214 0.000000 0.396085 1.000000 1.000000 1.000000
6633.848145 0.000000 2704.914062 0.000000 0.291651 0.000000 0.956525 1.000000 1.000000 1.000000
6652.875000 0.000000 2733.828125 0.000000 0.353533 0.000000 0.935422 1.000000 1.000000 1.000000
6649.174316 0.000000 2738.169434 0.000000 0.386542 0.000000 0.922272 1.000000 1.000000 1.000000
6616.510742 0.000000 2699.431152 0.000000 0.786717 0.000000 0.617314 1.000000 1.000000 1.000000
6649.542969 0.000000 2743.686523 0.000000 0.079435 0.000000 0.996840 1.000000 1.000000 1.000000
6649.101562 0.000000 2764.364014 0.000000 0.480190 0.000000 0.877165 1.000000 1.000000 1.000000
6649.312012 0.000000 2746.592773 0.000000 0.958637 0.000000 0.284630 1.000000 1.000000 1.000000
6641.111816 0.000000 2750.379395 0.000000 0.089507 0.000000 0.995986 1.000000 1.000000 1.000000
6651.366211 0.000000 2745.577881 0.000000 0.799690 0.000000 0.600413 1.000000 1.000000 1.000000
6651.869141 0.000000 2742.398682 0.000000 0.869769 0.000000 0.493459 1.000000 1.000000 1.000000
6647.369141 0.000000 2750.639648 0.000000 0.471958 0.000000 0.881621 1.000000 1.000000 1.000000
6649.199707 0.000000 2767.998535 0.000000 0.998690 0.000000 0.051165 1.000000 1.000000 1.000000
6640.217773 0.000000 2751.422119 0.000000 0.776568 0.000000 0.630034 1.000000 1.000000 1.000000
6641.686523 0.000000 2751.755371 0.000000 0.651150 0.000000 0.758949 1.000000 1.000000 1.000000
6637.045410 0.000000 2750.829834 0.000000 0.461987 0.000000 0.886887 1.000000 1.000000 1.000000
6648.751953 0.000000 2766.781250 0.000000 0.541225 0.000000 0.840878 1.000000 1.000000 1.000000
6654.797363 0.000000 2750.114014 0.000000 0.975884 0.000000 0.218291 1.000000 1.000000 1.000000
6640.716309 0.000000 2752.257568 0.000000 0.943220 0.000000 0.332170 1.000000 1.000000 1.000000
6710.672852 0.000000 2687.183594 0.000000 0.649239 0.000000 0.760585 1.000000 1.000000 1.000000
6701.056641 0.000000 2686.083008 0.000000 0.999975 0.000000 0.007021 1.000000 1.000000 1.000000
6678.851074 0.000000 2660.802246 0.000000 0.847090 0.000000 0.531450 1.000000 1.000000 1.000000
6685.029785 0.000000 2662.157715 0.000000 0.896851 0.000000 0.442334 1.000000 1.000000 1.000000
6687.563965 0.000000 2657.190186 0.000000 0.839998 0.000000 0.542589 1.000000 1.000000 1.000000
6681.171875 0.000000 2660.194336 0.000000 0.800191 0.000000 0.599745 1.000000 1.000000 1.000000
6685.781250 0.000000 2658.779785 0.000000 0.996459 0.000000 0.084077 1.000000 1.000000 1.000000
6680.972168 0.000000 2667.497070 0.000000 0.274949 0.000000 0.961459 1.000000 1.000000 1.000000
6707.649414 0.000000 2685.212158 0.000000 0.999951 0.000000 0.009935 1.000000 1.000000 1.000000
6712.623535 0.000000 2687.114014 0.000000 0.838573 0.000000 0.544789 1.000000 1.000000 1.000000
6697.903809 0.000000 2690.465088 0.000000 0.376650 0.000000 0.926356 1.000000 1.000000 1.000000
6680.335938 0.000000 2661.641113 0.000000 0.985169 0.000000 0.171588 1.000000 1.000000 1.000000
6706.424805 0.000000 2682.458252 0.000000 0.578961 0.000000 0.815355 1.000000 1.000000 1.000000
6711.349609 0.000000 2680.296631 0.000000 0.870423 0.000000 0.492304 1.000000 1.000000 1.000000
6707.596680 0.000000 2683.875000 0.000000 0.135100 0.000000 0.990832 1.000000 1.000000 1.000000
6703.266602 0.000000 2687.728760 0.000000 0.009031 0.000000 0.999959 1.000000 1.000000 1.000000
6686.177246 0.000000 2659.897461 0.000000 0.000716 0.000000 1.000000 1.000000 1.000000 1.000000
6717.075684 0.000000 2678.723633 0.000000 0.491166 0.000000 0.871066 1.000000 1.000000 1.000000
6681.960938 0.000000 2677.975830 0.000000 0.610575 0.000000 0.791958 1.000000 1.000000 1.000000
6710.564453 0.000000 2680.980957 0.000000 0.809563 0.000000 0.587033 1.000000 1.000000 1.000000
6682.789062 0.000000 2676.116943 0.000000 0.343302 0.000000 0.939225 1.000000 1.000000 1.000000
6756.168457 0.000000 2674.791016 0.000000 0.339432 0.000000 0.940630 1.000000 1.000000 1.000000
6724.860352 0.000000 2670.373535 0.000000 0.725452 0.000000 0.688273 1.000000 1.000000 1.000000
6739.010254 0.000000 2668.811279 0.000000 0.200517 0.000000 0.979690 1.000000 1.000000 1.000000
6757.892578 0.000000 2646.449951 0.000000 0.937888 0.000000 0.346937 1.000000 1.000000 1.000000
6769.789551 0.000000 2669.057617 0.000000 0.972421 0.000000 0.233235 1.000000 1.000000 1.000000
6732.025879 0.000000 2665.562744 0.000000 0.588460 0.000000 0.808526 1.000000 1.000000 1.000000
6751.814941 0.000000 2676.239746 0.000000 0.204670 0.000000 0.978831 1.000000 1.000000 1.000000
6735.520508 0.000000 2667.197266 0.000000 0.837857 0.000000 0.545891 1.000000 1.000000 1.000000
6720.351074 0.000000 2672.379639 0.000000 0.973658 0.000000 0.228013 1.000000 1.000000 1.000000
6771.765137 0.000000 2664.549316 0.000000 0.577979 0.000000 0.816052 1.000000 1.000000 1.000000
6767.903320 0.000000 2666.893066 0.000000 0.865388 0.000000 0.501102 1.000000 1.000000 1.000000
6769.984863 0.000000 2648.575439 0.000000 0.047077 0.000000 0.998891 1.000000 1.000000 1.000000
6739.496582 0.000000 2671.403809 0.000000 0.536074 0.000000 0.844171 1.000000 1.000000 1.000000
6770.427734 0.000000 2666.708252 0.000000 0.538479 0.000000 0.842639 1.000000 1.000000 1.000000
6727.290039 0.000000 2670.425537 0.000000 0.845293 0.000000 0.534304 1.000000 1.000000 1.000000
6730.052734 0.000000 2658.582520 0.000000 0.397389 0.000000 0.917650 1.000000 1.000000 1.000000
6733.732422 0.000000 2672.353271 0.000000 0.927813 0.000000 0.373046 1.000000 1.000000 1.000000
6725.707031 0.000000 2678.647949 0.000000 0.653428 0.000000 0.756988 1.000000 1.000000 1.000000
6721.134277 0.000000 2674.393555 0.000000 0.812911 0.000000 0.582388 1.000000 1.000000 1.000000
6731.860352 0.000000 2677.226562 0.000000 0.838761 0.000000 0.544500 1.000000 1.000000 1.000000
6743.916992 0.000000 2685.851807 0.000000 0.383010 0.000000 0.923744 1.000000 1.000000 1.000000
6724.911621 0.000000 2680.830566 0.000000 0.989427 0.000000 0.145029 1.000000 1.000000 1.000000
6756.433594 0.000000 2681.541016 0.000000 0.998993 0.000000 0.044863 1.000000 1.000000 1.000000
6777.081543 0.000000 2660.124512 0.000000 0.999981 0.000000 0.006186 1.000000 1.000000 1.000000
6731.615723 0.000000 2657.760254 0.000000 0.732355 0.000000 0.680923 1.000000 1.000000 1.000000
6749.538574 0.000000 2657.003174 0.000000 0.990208 0.000000 0.139598 1.000000 1.000000 1.000000
6722.461426 0.000000 2678.197998 0.000000 0.546828 0.000000 0.837245 1.000000 1.000000 1.000000
6769.174316 0.000000 2650.056885 0.000000 0.550942 0.000000 0.834544 1.000000 1.000000 1.000000
6758.009766 0.000000 2670.689209 0.000000 0.993304 0.000000 0.115528 1.000000 1.000000 1.000000
6753.060059 0.000000 2677.794678 0.000000 0.869880 0.000000 0.493263 1.000000 1.000000 1.000000
6766.545898 0.000000 2667.718994 0.000000 0.721172 0.000000 0.692756 1.000000 1.000000 1.000000
6727.288086 0.000000 2673.474854 0.000000 0.948103 0.000000 0.317964 1.000000 1.000000 1.000000
6766.528809 0.000000 2666.210693 0.000000 0.101771 0.000000 0.994808 1.000000 1.000000 1.000000
6726.025391 0.000000 2671.374268 0.000000 0.605746 0.000000 0.795658 1.000000 1.000000 1.000000
6733.057617 0.000000 2664.401611 0.000000 0.743345 0.000000 0.668908 1.000000 1.000000 1.000000
6769.203125 0.000000 2667.614990 0.000000 0.674532 0.000000 0.738245 1.000000 1.000000 1.000000
6724.332520 0.000000 2673.171631 0.000000 0.608993 0.000000 0.793176 1.000000 1.000000 1.000000
6769.165039 0.000000 2666.179199 0.000000 0.827956 0.000000 0.560793 1.000000 1.000000 1.000000
6731.565430 0.000000 2679.452637 0.000000 0.410090 0.000000 0.912045 1.000000 1.000000 1.000000
6755.564941 0.000000 2646.929932 0.000000 0.910799 0.000000 0.412849 1.000000 1.000000 1.000000
6772.725586 0.000000 2657.937012 0.000000 0.424885 0.000000 0.905247 1.000000 1.000000 1.000000
6758.808105 0.000000 2645.571533 0.000000 0.990666 0.000000 0.136310 1.000000 1.000000 1.000000
6724.138184 0.000000 2648.748535 0.000000 0.546337 0.000000 0.837565 1.000000 1.000000 1.000000
6731.759766 0.000000 2646.847412 0.000000 0.999510 0.000000 0.031290 1.000000 1.000000 1.000000
6752.342285 0.000000 2665.114014 0.000000 0.243966 0.000000 0.969784 1.000000 1.000000 1.000000
6753.815430 0.000000 2664.325439 0.000000 0.407747 0.000000 0.913095 1.000000 1.000000 1.000000
6770.310059 0.000000 2667.983398 0.000000 0.276380 0.000000 0.961048 1.000000 1.000000 1.000000
6731.220703 0.000000 2648.221924 0.000000 0.955921 0.000000 0.293624 1.000000 1.000000 1.000000
6731.163574 0.000000 2676.394531 0.000000 0.125816 0.000000 0.992054 1.000000 1.000000 1.000000
6761.187012 0.000000 2671.798584 0.000000 0.995645 0.000000 0.093221 1.000000 1.000000 1.000000
6772.820312 0.000000 2654.477051 0.000000 0.423215 0.000000 0.906029 1.000000 1.000000 1.000000
6781.769531 0.000000 2664.686768 0.000000 0.982026 0.000000 0.188747 1.000000 1.000000 1.000000
6759.419434 0.000000 2672.767090 0.000000 0.955555 0.000000 0.294813 1.000000 1.000000 1.000000
6732.707031 0.000000 2666.479736 0.000000 0.999733 0.000000 0.023104 1.000000 1.000000 1.000000
6688.974609 0.000000 2732.806885 0.000000 0.999767 0.000000 0.021583 1.000000 1.000000 1.000000
6666.629883 0.000000 2694.500488 0.000000 0.916018 0.000000 0.401136 1.000000 1.000000 1.000000
6667.607422 0.000000 2707.735352 0.000000 0.990819 0.000000 0.135199 1.000000 1.000000 1.000000
6703.551758 0.000000 2696.999023 0.000000 0.725805 0.000000 0.687901 1.000000 1.000000 1.000000
6691.063965 0.000000 2730.020752 0.000000 0.668888 0.000000 0.743363 1.000000 1.000000 1.000000
6671.368652 0.000000 2721.177734 0.000000 0.972804 0.000000 0.231630 1.000000 1.000000 1.000000
6669.129883 0.000000 2696.734131 0.000000 0.034815 0.000000 0.999394 1.000000 1.000000 1.000000
6690.630859 0.000000 2724.380615 0.000000 0.935621 0.000000 0.353007 1.000000 1.000000 1.000000
6666.150391 0.000000 2723.241455 0.000000 0.112579 0.000000 0.993643 1.000000 1.000000 1.000000
6703.214355 0.000000 2694.479980 0.000000 0.794215 0.000000 0.607637 1.000000 1.000000 1.000000
6709.031250 0.000000 2724.458984 0.000000 0.981961 0.000000 0.189086 1.000000 1.000000 1.000000
6686.530762 0.000000 2732.149658 0.000000 0.883541 0.000000 0.468354 1.000000 1.000000 1.000000
6661.714844 0.000000 2725.890137 0.000000 0.782128 0.000000 0.623118 1.000000 1.000000 1.000000
6697.716309 0.000000 2703.644287 0.000000 0.983026 0.000000 0.183466 1.000000 1.000000 1.000000
6704.549805 0.000000 2724.366699 0.000000 0.265730 0.000000 0.964047 1.000000 1.000000 1.000000
6669.547852 0.000000 2722.104980 0.000000 0.809755 0.000000 0.586768 1.000000 1.000000 1.000000
6714.217285 0.000000 2733.397217 0.000000 0.858769 0.000000 0.512364 1.000000 1.000000 1.000000
6672.842285 0.000000 2719.969727 0.000000 0.833266 0.000000 0.552872 1.000000 1.000000 1.000000
6671.466309 0.000000 2700.863525 0.000000 0.313379 0.000000 0.949628 1.000000 1.000000 1.000000
6692.794434 0.000000 2696.506348 0.000000 0.908733 0.000000 0.417378 1.000000 1.000000 1.000000
6689.702148 0.000000 2736.533203 0.000000 0.862843 0.000000 0.505472 1.000000 1.000000 1.000000
6667.623535 0.000000 2705.002441 0.000000 0.091040 0.000000 0.995847 1.000000 1.000000 1.000000
6668.300293 0.000000 2695.207275 0.000000 0.680960 0.000000 0.732320 1.000000 1.000000 1.000000
6689.741211 0.000000 2731.187988 0.000000 0.231082 0.000000 0.972934 1.000000 1.000000 1.000000
6691.248047 0.000000 2697.281250 0.000000 0.807659 0.000000 0.589650 1.000000 1.000000 1.000000
6690.940918 0.000000 2727.953857 0.000000 0.701512 0.000000 0.712658 1.000000 1.000000 1.000000
6670.311523 0.000000 2703.777100 0.000000 0.582664 0.000000 0.812713 1.000000 1.000000 1.000000
6693.811035 0.000000 2726.584717 0.000000 0.859727 0.000000 0.510753 1.000000 1.000000 1.000000
6656.882812 0.000000 2718.160156 0.000000 0.956132 0.000000 0.292935 1.000000 1.000000 1.000000
6688.006348 0.000000 2731.614258 0.000000 0.502019 0.000000 0.864856 1.000000 1.000000 1.000000
6707.625488 0.000000 2724.776611 0.000000 0.887198 0.000000 0.461390 1.000000 1.000000 1.000000
6690.939453 0.000000 2736.552734 0.000000 0.577764 0.000000 0.816204 1.000000 1.000000 1.000000
6690.187500 0.000000 2697.822510 0.000000 0.992772 0.000000 0.120019 1.000000 1.000000 1.000000
6661.350586 0.000000 2732.813232 0.000000 0.792876 0.000000 0.609383 1.000000 1.000000 1.000000
6691.729980 0.000000 2696.309082 0.000000 0.823030 0.000000 0.567998 1.000000 1.000000 1.000000
6665.579590 0.000000 2694.479980 0.000000 0.069747 0.000000 0.997565 1.000000 1.000000 1.000000
6673.371094 0.000000 2712.914551 0.000000 0.820534 0.000000 0.571598 1.000000 1.000000 1.000000
6690.766113 0.000000 2696.407959 0.000000 0.718779 0.000000 0.695239 1.000000 1.000000 1.000000
6742.456055 0.000000 2704.670410 0.000000 0.965042 0.000000 0.262096 1.000000 1.000000 1.000000
6732.025879 0.000000 2712.804932 0.000000 0.490947 0.000000 0.871189 1.000000 1.000000 1.000000
6749.443848 0.000000 2734.288330 0.000000 0.943964 0.000000 0.330049 1.000000 1.000000 1.000000
6736.050781 0.000000 2718.257568 0.000000 0.999618 0.000000 0.027627 1.000000 1.000000 1.000000
6770.442871 0.000000 2698.728760 0.000000 0.189150 0.000000 0.981948 1.000000 1.000000 1.000000
6777.748535 0.000000 2711.930420 0.000000 0.964631 0.000000 0.263603 1.000000 1.000000 1.000000
6732.800781 0.000000 2710.187500 0.000000 0.823602 0.000000 0.567169 1.000000 1.000000 1.000000
6732.914062 0.000000 2726.474365 0.000000 0.309977 0.000000 0.950744 1.000000 1.000000 1.000000
6772.831543 0.000000 2698.858887 0.000000 0.989900 0.000000 0.141771 1.000000 1.000000 1.000000
6721.682129 0.000000 2723.927002 0.000000 0.909387 0.000000 0.415952 1.000000 1.000000 1.000000
6741.625488 0.000000 2702.459717 0.000000 0.382078 0.000000 0.924130 1.000000 1.000000 1.000000
6730.738770 0.000000 2739.956055 0.000000 0.999999 0.000000 0.001586 1.000000 1.000000 1.000000
6751.927246 0.000000 2695.115234 0.000000 0.671191 0.000000 0.741284 1.000000 1.000000 1.000000
6779.574707 0.000000 2713.262939 0.000000 0.822395 0.000000 0.568917 1.000000 1.000000 1.000000
6743.639160 0.000000 2696.613037 0.000000 0.968013 0.000000 0.250900 1.000000 1.000000 1.000000
6746.319336 0.000000 2722.241211 0.000000 0.121548 0.000000 0.992586 1.000000 1.000000 1.000000
6755.240234 0.000000 2697.281250 0.000000 0.995630 0.000000 0.093387 1.000000 1.000000 1.000000
6721.975098 0.000000 2720.159668 0.000000 0.998941 0.000000 0.046018 1.000000 1.000000 1.000000
6734.280273 0.000000 2710.658936 0.000000 0.047853 0.000000 0.998854 1.000000 1.000000 1.000000
6779.359863 0.000000 2711.624023 0.000000 0.185254 0.000000 0.982691 1.000000 1.000000 1.000000
6736.108398 0.000000 2708.428711 0.000000 0.968341 0.000000 0.249631 1.000000 1.000000 1.000000
6730.325195 0.000000 2738.181885 0.000000 0.503023 0.000000 0.864273 1.000000 1.000000 1.000000
6747.377441 0.000000 2727.277100 0.000000 0.106233 0.000000 0.994341 1.000000 1.000000 1.000000
6735.941406 0.000000 2715.616455 0.000000 0.428129 0.000000 0.903718 1.000000 1.000000 1.000000
6743.791992 0.000000 2697.827881 0.000000 0.045098 0.000000 0.998983 1.000000 1.000000 1.000000
6748.468262 0.000000 2703.811768 0.000000 0.686141 0.000000 0.727469 1.000000 1.000000 1.000000
6742.649414 0.000000 2697.052490 0.000000 0.632468 0.000000 0.774586 1.000000 1.000000 1.000000
6747.258301 0.000000 2736.146484 0.000000 0.073019 0.000000 0.997331 1.000000 1.000000 1.000000
6743.379883 0.000000 2712.914307 0.000000 0.991551 0.000000 0.129718 1.000000 1.000000 1.000000
6746.361816 0.000000 2727.480469 0.000000 0.154330 0.000000 0.988019 1.000000 1.000000 1.000000
6679.587402 0.000000 2741.823486 0.000000 0.208307 0.000000 0.978064 1.000000 1.000000 1.000000
6678.502930 0.000000 2765.569092 0.000000 0.999939 0.000000 0.011024 1.000000 1.000000 1.000000
6682.261230 0.000000 2760.523926 0.000000 0.153758 0.000000 0.988109 1.000000 1.000000 1.000000
6702.694336 0.000000 2746.426270 0.000000 0.779219 0.000000 0.626751 1.000000 1.000000 1.000000
6698.979980 0.000000 2752.592041 0.000000 0.306585 0.000000 0.951843 1.000000 1.000000 1.000000
6679.646973 0.000000 2743.855225 0.000000 0.919671 0.000000 0.392689 1.000000 1.000000 1.000000
6672.842285 0.000000 2767.211914 0.000000 0.392202 0.000000 0.919879 1.000000 1.000000 1.000000
6677.697266 0.000000 2771.650879 0.000000 0.046656 0.000000 0.998911 1.000000 1.000000 1.000000
6681.586914 0.000000 2747.270264 0.000000 0.822389 0.000000 0.568925 1.000000 1.000000 1.000000
6683.870605 0.000000 2760.231689 0.000000 0.056243 0.000000 0.998417 1.000000 1.000000 1.000000
6674.010254 0.000000 2779.317627 0.000000 0.462089 0.000000 0.886833 1.000000 1.000000 1.000000
6679.447754 0.000000 2746.246826 0.000000 0.064257 0.000000 0.997933 1.000000 1.000000 1.000000
6711.243164 0.000000 2749.100098 0.000000 0.591687 0.000000 0.806168 1.000000 1.000000 1.000000
6675.315430 0.000000 2778.756592 0.000000 0.197967 0.000000 0.980209 1.000000 1.000000 1.000000
6680.349121 0.000000 2747.894287 0.000000 0.228025 0.000000 0.973655 1.000000 1.000000 1.000000
6679.620605 0.000000 2764.984375 0.000000 0.022425 0.000000 0.999749 1.000000 1.000000 1.000000
6679.967285 0.000000 2754.709473 0.000000 0.999243 0.000000 0.038909 1.000000 1.000000 1.000000
6699.289062 0.000000 2753.742920 0.000000 0.590880 0.000000 0.806760 1.000000 1.000000 1.000000
6680.502930 0.000000 2746.673340 0.000000 0.065252 0.000000 0.997869 1.000000 1.000000 1.000000
6676.369629 0.000000 2770.051025 0.000000 0.986653 0.000000 0.162837 1.000000 1.000000 1.000000
6686.616699 0.000000 2747.600586 0.000000 0.332935 0.000000 0.942950 1.000000 1.000000 1.000000
6678.578613 0.000000 2754.274902 0.000000 0.812093 0.000000 0.583528 1.000000 1.000000 1.000000
6687.490234 0.000000 2746.989258 0.000000 0.334718 0.000000 0.942318 1.000000 1.000000 1.000000
6677.127930 0.000000 2770.731689 0.000000 0.427267 0.000000 0.904125 1.000000 1.000000 1.000000
6710.599609 0.000000 2749.888672 0.000000 0.153209 0.000000 0.988194 1.000000 1.000000 1.000000
6735.153809 0.000000 2741.774414 0.000000 0.557739 0.000000 0.830017 1.000000 1.000000 1.000000
6770.442871 0.000000 2745.970947 0.000000 0.981717 0.000000 0.190344 1.000000 1.000000 1.000000
6766.818359 0.000000 2751.449951 0.000000 0.853812 0.000000 0.520581 1.000000 1.000000 1.000000
6731.079102 0.000000 2762.493896 0.000000 0.962931 0.000000 0.269748 1.000000 1.000000 1.000000
6772.831543 0.000000 2746.101074 0.000000 0.231197 0.000000 0.972907 1.000000 1.000000 1.000000
6733.431152 0.000000 2761.765625 0.000000 0.345377 0.000000 0.938464 1.000000 1.000000 1.000000
6782.382324 0.000000 2758.309570 0.000000 0.176666 0.000000 0.984271 1.000000 1.000000 1.000000
6746.215332 0.000000 2741.420654 0.000000 0.979672 0.000000 0.200604 1.000000 1.000000 1.000000
6735.064941 0.000000 2752.630371 0.000000 0.998964 0.000000 0.045512 1.000000 1.000000 1.000000
6780.812500 0.000000 2759.269775 0.000000 0.844602 0.000000 0.535395 1.000000 1.000000 1.000000
6734.538574 0.000000 2740.162842 0.000000 0.562141 0.000000 0.827041 1.000000 1.000000 1.000000
6748.598633 0.000000 2741.515625 0.000000 0.654554 0.000000 0.756015 1.000000 1.000000 1.000000
6730.980957 0.000000 2761.081299 0.000000 0.791928 0.000000 0.610614 1.000000 1.000000 1.000000
6768.202148 0.000000 2751.422119 0.000000 0.570790 0.000000 0.821096 1.000000 1.000000 1.000000
6748.175293 0.000000 2740.727539 0.000000 0.990001 0.000000 0.141061 1.000000 1.000000 1.000000
6783.338867 0.000000 2758.752686 0.000000 0.986660 0.000000 0.162794 1.000000 1.000000 1.000000
3766.669189 0.000000 3946.198730 0.000000 0.021705 0.000000 0.999764 1.000000 1.000000 1.000000
3750.819336 0.000000 3956.900635 0.000000 0.460591 0.000000 0.887613 1.000000 1.000000 1.000000
3763.522705 0.000000 3949.916260 0.000000 0.542496 0.000000 0.840058 1.000000 1.000000 1.000000
3752.786133 0.000000 3953.212891 0.000000 0.629953 0.000000 0.776633 1.000000 1.000000 1.000000
3129.319580 0.000000 4479.913086 0.000000 0.480972 0.000000 0.876736 1.000000 1.000000 1.000000
3129.860352 0.000000 4470.183594 0.000000 0.840809 0.000000 0.541332 1.000000 1.000000 1.000000
3142.931152 0.000000 4480.380371 0.000000 0.680212 0.000000 0.733015 1.000000 1.000000 1.000000
3140.996338 0.000000 4477.922363 0.000000 0.898932 0.000000 0.438087 1.000000 1.000000 1.000000
3141.666260 0.000000 4482.877930 0.000000 0.998428 0.000000 0.056043 1.000000 1.000000 1.000000
3140.629883 0.000000 4473.883301 0.000000 0.495985 0.000000 0.868331 1.000000 1.000000 1.000000
3143.372803 0.000000 4473.222656 0.000000 0.995233 0.000000 0.097522 1.000000 1.000000 1.000000
3112.448975 0.000000 4497.410645 0.000000 0.709032 0.000000 0.705176 1.000000 1.000000 1.000000
3115.786865 0.000000 4493.725098 0.000000 0.598584 0.000000 0.801060 1.000000 1.000000 1.000000
3092.999512 0.000000 4526.081543 0.000000 0.703637 0.000000 0.710560 1.000000 1.000000 1.000000
3133.699463 0.000000 4492.166504 0.000000 0.841896 0.000000 0.539640 1.000000 1.000000 1.000000
3114.746094 0.000000 4496.174316 0.000000 0.299829 0.000000 0.953993 1.000000 1.000000 1.000000
3109.048096 0.000000 4512.145996 0.000000 0.918027 0.000000 0.396517 1.000000 1.000000 1.000000
3123.090820 0.000000 4500.742676 0.000000 0.945849 0.000000 0.324607 1.000000 1.000000 1.000000
3135.655518 0.000000 4494.637207 0.000000 0.048733 0.000000 0.998812 1.000000 1.000000 1.000000
3135.647217 0.000000 4493.331055 0.000000 0.167302 0.000000 0.985906 1.000000 1.000000 1.000000
3098.795898 0.000000 4558.909668 0.000000 0.018760 0.000000 0.999824 1.000000 1.000000 1.000000
3088.224854 0.000000 4552.375977 0.000000 0.232053 0.000000 0.972703 1.000000 1.000000 1.000000
3100.862061 0.000000 4568.078125 0.000000 0.353436 0.000000 0.935459 1.000000 1.000000 1.000000
3086.899170 0.000000 4554.640625 0.000000 0.164368 0.000000 0.986399 1.000000 1.000000 1.000000
3098.764648 0.000000 4564.686523 0.000000 0.861829 0.000000 0.507200 1.000000 1.000000 1.000000
3095.221924 0.000000 4563.450684 0.000000 0.899074 0.000000 0.437796 1.000000 1.000000 1.000000
3085.468262 0.000000 4549.234863 0.000000 0.350100 0.000000 0.936712 1.000000 1.000000 1.000000
3094.008789 0.000000 4556.963867 0.000000 0.048785 0.000000 0.998809 1.000000 1.000000 1.000000
3081.990234 0.000000 4544.990723 0.000000 0.983947 0.000000 0.178459 1.000000 1.000000 1.000000
3103.134766 0.000000 4566.867676 0.000000 0.139311 0.000000 0.990249 1.000000 1.000000 1.000000
3092.666260 0.000000 4561.856934 0.000000 0.687380 0.000000 0.726298 1.000000 1.000000 1.000000
"}
object={
	name="tree_willow_generator_1_1"
	render_pass=Map
	clamp_to_water_level=no
	generated_content=yes
	layer="tree_high_layer"
	pdxmesh="tree_willow_02_mesh"
	count=323
	transform="3702.464355 0.000000 909.555054 0.000000 0.933825 0.000000 -0.357731 1.000000 1.000000 1.000000
593.820740 0.000000 1748.014038 0.000000 0.903329 0.000000 -0.428949 1.000000 1.000000 1.000000
5221.603516 0.000000 1148.121460 0.000000 0.075623 0.000000 -0.997136 1.000000 1.000000 1.000000
5220.818848 0.000000 1139.327271 0.000000 0.089041 0.000000 -0.996028 1.000000 1.000000 1.000000
5218.859863 0.000000 1159.473267 0.000000 0.925051 0.000000 -0.379842 1.000000 1.000000 1.000000
5218.784668 0.000000 1149.867310 0.000000 0.386788 0.000000 -0.922169 1.000000 1.000000 1.000000
5216.579102 0.000000 1158.381226 0.000000 0.553931 0.000000 -0.832563 1.000000 1.000000 1.000000
5216.114746 0.000000 1136.123047 0.000000 0.909964 0.000000 -0.414687 1.000000 1.000000 1.000000
5223.677734 0.000000 1135.635376 0.000000 0.023424 0.000000 -0.999726 1.000000 1.000000 1.000000
5188.687500 0.000000 1140.573975 0.000000 0.855065 0.000000 -0.518521 1.000000 1.000000 1.000000
5256.494629 0.000000 1148.534424 0.000000 0.971898 0.000000 -0.235402 1.000000 1.000000 1.000000
5252.164062 0.000000 1165.304810 0.000000 0.990474 0.000000 -0.137703 1.000000 1.000000 1.000000
5254.395996 0.000000 1147.906616 0.000000 0.707618 0.000000 -0.706595 1.000000 1.000000 1.000000
5284.811035 0.000000 2084.171143 0.000000 0.349877 0.000000 -0.936796 1.000000 1.000000 1.000000
5287.976074 0.000000 2084.582520 0.000000 0.171811 0.000000 -0.985130 1.000000 1.000000 1.000000
5299.028320 0.000000 2078.699707 0.000000 0.278680 0.000000 -0.960384 1.000000 1.000000 1.000000
5929.389648 0.000000 2503.284424 0.000000 0.560542 0.000000 -0.828126 1.000000 1.000000 1.000000
5931.552734 0.000000 2502.461426 0.000000 0.763019 0.000000 -0.646376 1.000000 1.000000 1.000000
5921.516602 0.000000 2492.481201 0.000000 0.250484 0.000000 -0.968121 1.000000 1.000000 1.000000
5968.921875 0.000000 2496.944092 0.000000 0.969649 0.000000 -0.244503 1.000000 1.000000 1.000000
5925.727539 0.000000 2525.643799 0.000000 0.681441 0.000000 -0.731873 1.000000 1.000000 1.000000
5928.192871 0.000000 2503.871094 0.000000 0.998640 0.000000 -0.052127 1.000000 1.000000 1.000000
5923.700195 0.000000 2524.518799 0.000000 0.923217 0.000000 -0.384278 1.000000 1.000000 1.000000
5942.292969 0.000000 2547.233398 0.000000 0.289023 0.000000 -0.957322 1.000000 1.000000 1.000000
6009.108887 0.000000 2520.241943 0.000000 0.044647 0.000000 -0.999003 1.000000 1.000000 1.000000
6004.925293 0.000000 2509.890137 0.000000 0.998646 0.000000 -0.052027 1.000000 1.000000 1.000000
5995.730469 0.000000 2511.012451 0.000000 0.601053 0.000000 -0.799209 1.000000 1.000000 1.000000
6015.565430 0.000000 2517.449219 0.000000 0.979038 0.000000 -0.203677 1.000000 1.000000 1.000000
6597.741211 0.000000 2414.883057 0.000000 0.550405 0.000000 -0.834898 1.000000 1.000000 1.000000
6594.965820 0.000000 2412.099121 0.000000 0.898179 0.000000 -0.439630 1.000000 1.000000 1.000000
6615.202637 0.000000 2427.958740 0.000000 0.088715 0.000000 -0.996057 1.000000 1.000000 1.000000
6611.248047 0.000000 2439.786865 0.000000 0.972885 0.000000 -0.231289 1.000000 1.000000 1.000000
6514.733398 0.000000 2487.532471 0.000000 0.284496 0.000000 -0.958677 1.000000 1.000000 1.000000
6517.054688 0.000000 2488.248047 0.000000 0.277667 0.000000 -0.960677 1.000000 1.000000 1.000000
6515.187012 0.000000 2485.408447 0.000000 0.931181 0.000000 -0.364556 1.000000 1.000000 1.000000
6477.462402 0.000000 2478.312500 0.000000 0.650086 0.000000 -0.759861 1.000000 1.000000 1.000000
6525.158203 0.000000 2511.699707 0.000000 0.661671 0.000000 -0.749794 1.000000 1.000000 1.000000
6511.575195 0.000000 2602.514648 0.000000 0.953321 0.000000 -0.301959 1.000000 1.000000 1.000000
6765.683105 0.000000 2643.610352 0.000000 0.983117 0.000000 -0.182979 1.000000 1.000000 1.000000
6758.013672 0.000000 2644.907959 0.000000 0.149331 0.000000 -0.988787 1.000000 1.000000 1.000000
6764.234375 0.000000 2642.824463 0.000000 0.989592 0.000000 -0.143899 1.000000 1.000000 1.000000
6764.770996 0.000000 2640.990967 0.000000 0.737104 0.000000 -0.675779 1.000000 1.000000 1.000000
6568.634277 0.000000 2689.139648 0.000000 0.089388 0.000000 -0.995997 1.000000 1.000000 1.000000
6574.013184 0.000000 2688.348633 0.000000 0.999191 0.000000 -0.040221 1.000000 1.000000 1.000000
6575.444336 0.000000 2689.891357 0.000000 0.691568 0.000000 -0.722311 1.000000 1.000000 1.000000
6569.919434 0.000000 2690.465088 0.000000 0.059175 0.000000 -0.998248 1.000000 1.000000 1.000000
6558.906738 0.000000 2681.987305 0.000000 0.620568 0.000000 -0.784153 1.000000 1.000000 1.000000
6568.591309 0.000000 2690.647949 0.000000 0.968805 0.000000 -0.247826 1.000000 1.000000 1.000000
6618.561035 0.000000 2686.546387 0.000000 0.993868 0.000000 -0.110570 1.000000 1.000000 1.000000
6619.245117 0.000000 2684.020264 0.000000 0.468505 0.000000 -0.883461 1.000000 1.000000 1.000000
6612.012207 0.000000 2674.406738 0.000000 0.453074 0.000000 -0.891473 1.000000 1.000000 1.000000
6615.019043 0.000000 2675.413086 0.000000 0.446422 0.000000 -0.894823 1.000000 1.000000 1.000000
6575.593750 0.000000 2701.284180 0.000000 0.464314 0.000000 -0.885671 1.000000 1.000000 1.000000
6575.145996 0.000000 2708.504150 0.000000 0.994862 0.000000 -0.101239 1.000000 1.000000 1.000000
6588.179199 0.000000 2703.661621 0.000000 0.570635 0.000000 -0.821204 1.000000 1.000000 1.000000
6581.955566 0.000000 2693.971436 0.000000 0.982689 0.000000 -0.185261 1.000000 1.000000 1.000000
6569.455078 0.000000 2713.052490 0.000000 0.840587 0.000000 -0.541676 1.000000 1.000000 1.000000
6569.841309 0.000000 2715.346924 0.000000 0.765644 0.000000 -0.643265 1.000000 1.000000 1.000000
6568.341309 0.000000 2715.369873 0.000000 0.920044 0.000000 -0.391816 1.000000 1.000000 1.000000
6578.395996 0.000000 2696.959473 0.000000 0.491425 0.000000 -0.870920 1.000000 1.000000 1.000000
6602.636230 0.000000 2703.506104 0.000000 0.989377 0.000000 -0.145369 1.000000 1.000000 1.000000
6596.754883 0.000000 2701.525391 0.000000 0.892918 0.000000 -0.450220 1.000000 1.000000 1.000000
6628.652832 0.000000 2709.277344 0.000000 0.972672 0.000000 -0.232182 1.000000 1.000000 1.000000
6604.454102 0.000000 2703.180420 0.000000 0.634394 0.000000 -0.773010 1.000000 1.000000 1.000000
6624.393555 0.000000 2702.764160 0.000000 0.781461 0.000000 -0.623954 1.000000 1.000000 1.000000
6598.060059 0.000000 2700.160645 0.000000 0.913220 0.000000 -0.407468 1.000000 1.000000 1.000000
6649.577637 0.000000 2737.090820 0.000000 0.064416 0.000000 -0.997923 1.000000 1.000000 1.000000
6622.687500 0.000000 2702.372070 0.000000 0.953427 0.000000 -0.301623 1.000000 1.000000 1.000000
6607.080566 0.000000 2705.388184 0.000000 0.972188 0.000000 -0.234201 1.000000 1.000000 1.000000
6618.844238 0.000000 2699.226562 0.000000 0.999996 0.000000 -0.002918 1.000000 1.000000 1.000000
6618.944336 0.000000 2710.067383 0.000000 0.507802 0.000000 -0.861474 1.000000 1.000000 1.000000
6620.472656 0.000000 2710.528809 0.000000 0.877451 0.000000 -0.479667 1.000000 1.000000 1.000000
6622.585938 0.000000 2703.621582 0.000000 0.681606 0.000000 -0.731719 1.000000 1.000000 1.000000
6617.988281 0.000000 2698.609131 0.000000 0.906457 0.000000 -0.422299 1.000000 1.000000 1.000000
6597.054688 0.000000 2700.510498 0.000000 0.901554 0.000000 -0.432667 1.000000 1.000000 1.000000
6614.588379 0.000000 2699.694580 0.000000 0.444824 0.000000 -0.895618 1.000000 1.000000 1.000000
6615.697754 0.000000 2699.922607 0.000000 0.910480 0.000000 -0.413552 1.000000 1.000000 1.000000
6649.440430 0.000000 2739.029053 0.000000 0.269188 0.000000 -0.963088 1.000000 1.000000 1.000000
6646.317871 0.000000 2765.144043 0.000000 0.941726 0.000000 -0.336381 1.000000 1.000000 1.000000
6639.585938 0.000000 2748.526367 0.000000 0.533705 0.000000 -0.845671 1.000000 1.000000 1.000000
6638.833984 0.000000 2751.449951 0.000000 0.507587 0.000000 -0.861600 1.000000 1.000000 1.000000
6651.125977 0.000000 2743.941650 0.000000 0.870849 0.000000 -0.491551 1.000000 1.000000 1.000000
6650.064453 0.000000 2745.037598 0.000000 0.946809 0.000000 -0.321795 1.000000 1.000000 1.000000
6648.816895 0.000000 2751.375732 0.000000 0.774842 0.000000 -0.632155 1.000000 1.000000 1.000000
6640.387695 0.000000 2753.634766 0.000000 0.540690 0.000000 -0.841222 1.000000 1.000000 1.000000
6650.412598 0.000000 2745.965332 0.000000 0.202975 0.000000 -0.979184 1.000000 1.000000 1.000000
6641.757324 0.000000 2753.955811 0.000000 0.621847 0.000000 -0.783139 1.000000 1.000000 1.000000
6711.373047 0.000000 2681.755615 0.000000 0.660407 0.000000 -0.750908 1.000000 1.000000 1.000000
6696.618652 0.000000 2689.139648 0.000000 0.232441 0.000000 -0.972610 1.000000 1.000000 1.000000
6715.972168 0.000000 2676.051270 0.000000 0.997412 0.000000 -0.071896 1.000000 1.000000 1.000000
6681.402344 0.000000 2662.969971 0.000000 0.699962 0.000000 -0.714180 1.000000 1.000000 1.000000
6716.119629 0.000000 2685.514648 0.000000 0.999201 0.000000 -0.039977 1.000000 1.000000 1.000000
6706.104980 0.000000 2684.014648 0.000000 0.421532 0.000000 -0.906813 1.000000 1.000000 1.000000
6685.485352 0.000000 2665.248535 0.000000 0.436309 0.000000 -0.899797 1.000000 1.000000 1.000000
6718.127441 0.000000 2672.859131 0.000000 0.441347 0.000000 -0.897337 1.000000 1.000000 1.000000
6694.162598 0.000000 2688.404541 0.000000 0.464972 0.000000 -0.885326 1.000000 1.000000 1.000000
6684.054199 0.000000 2667.565430 0.000000 0.967997 0.000000 -0.250962 1.000000 1.000000 1.000000
6695.230469 0.000000 2690.964355 0.000000 0.649566 0.000000 -0.760305 1.000000 1.000000 1.000000
6715.916016 0.000000 2678.055664 0.000000 0.844955 0.000000 -0.534838 1.000000 1.000000 1.000000
6716.938477 0.000000 2679.920410 0.000000 0.994858 0.000000 -0.101279 1.000000 1.000000 1.000000
6680.472168 0.000000 2665.514160 0.000000 0.567688 0.000000 -0.823244 1.000000 1.000000 1.000000
6702.428711 0.000000 2686.823486 0.000000 0.358320 0.000000 -0.933599 1.000000 1.000000 1.000000
6681.948730 0.000000 2664.506592 0.000000 0.319478 0.000000 -0.947594 1.000000 1.000000 1.000000
6700.020508 0.000000 2687.156006 0.000000 0.092078 0.000000 -0.995752 1.000000 1.000000 1.000000
6680.856445 0.000000 2677.781006 0.000000 0.944146 0.000000 -0.329526 1.000000 1.000000 1.000000
6711.338867 0.000000 2678.665771 0.000000 0.062011 0.000000 -0.998075 1.000000 1.000000 1.000000
6681.688965 0.000000 2661.682373 0.000000 0.956973 0.000000 -0.290176 1.000000 1.000000 1.000000
6686.597656 0.000000 2665.717773 0.000000 0.543969 0.000000 -0.839105 1.000000 1.000000 1.000000
6672.012695 0.000000 2677.045898 0.000000 0.809249 0.000000 -0.587466 1.000000 1.000000 1.000000
6708.423828 0.000000 2681.379395 0.000000 0.853124 0.000000 -0.521708 1.000000 1.000000 1.000000
6716.262695 0.000000 2688.718506 0.000000 0.590012 0.000000 -0.807395 1.000000 1.000000 1.000000
6713.701660 0.000000 2687.183105 0.000000 0.947759 0.000000 -0.318986 1.000000 1.000000 1.000000
6687.660645 0.000000 2658.170410 0.000000 0.999994 0.000000 -0.003606 1.000000 1.000000 1.000000
6730.620605 0.000000 2656.263916 0.000000 0.673099 0.000000 -0.739552 1.000000 1.000000 1.000000
6732.411133 0.000000 2670.406494 0.000000 0.964154 0.000000 -0.265344 1.000000 1.000000 1.000000
6747.350586 0.000000 2690.271484 0.000000 0.010034 0.000000 -0.999950 1.000000 1.000000 1.000000
6744.857422 0.000000 2684.083496 0.000000 0.287829 0.000000 -0.957682 1.000000 1.000000 1.000000
6745.394531 0.000000 2662.969971 0.000000 0.966060 0.000000 -0.258319 1.000000 1.000000 1.000000
6759.598145 0.000000 2670.207275 0.000000 0.838566 0.000000 -0.544800 1.000000 1.000000 1.000000
6749.443848 0.000000 2687.046143 0.000000 0.410554 0.000000 -0.911837 1.000000 1.000000 1.000000
6771.300293 0.000000 2654.901367 0.000000 0.691694 0.000000 -0.722191 1.000000 1.000000 1.000000
6722.950195 0.000000 2648.310059 0.000000 0.535518 0.000000 -0.844524 1.000000 1.000000 1.000000
6757.625977 0.000000 2667.370361 0.000000 0.786057 0.000000 -0.618154 1.000000 1.000000 1.000000
6762.685059 0.000000 2669.380859 0.000000 0.701654 0.000000 -0.712518 1.000000 1.000000 1.000000
6751.556152 0.000000 2657.190186 0.000000 0.041272 0.000000 -0.999148 1.000000 1.000000 1.000000
6732.800781 0.000000 2662.945312 0.000000 0.953115 0.000000 -0.302608 1.000000 1.000000 1.000000
6725.736328 0.000000 2672.963623 0.000000 0.637556 0.000000 -0.770404 1.000000 1.000000 1.000000
6775.080078 0.000000 2660.208496 0.000000 0.228145 0.000000 -0.973627 1.000000 1.000000 1.000000
6766.521973 0.000000 2664.626221 0.000000 0.753794 0.000000 -0.657111 1.000000 1.000000 1.000000
6734.454102 0.000000 2664.952881 0.000000 0.483479 0.000000 -0.875356 1.000000 1.000000 1.000000
6762.483887 0.000000 2661.554199 0.000000 0.806812 0.000000 -0.590808 1.000000 1.000000 1.000000
6749.773438 0.000000 2658.779785 0.000000 0.977663 0.000000 -0.210178 1.000000 1.000000 1.000000
6750.522949 0.000000 2684.907471 0.000000 0.086545 0.000000 -0.996248 1.000000 1.000000 1.000000
6760.091309 0.000000 2645.597656 0.000000 0.189827 0.000000 -0.981818 1.000000 1.000000 1.000000
6722.346680 0.000000 2682.471680 0.000000 0.685026 0.000000 -0.728518 1.000000 1.000000 1.000000
6728.512695 0.000000 2656.332275 0.000000 0.866337 0.000000 -0.499460 1.000000 1.000000 1.000000
6731.026855 0.000000 2649.307617 0.000000 0.104306 0.000000 -0.994545 1.000000 1.000000 1.000000
6725.393555 0.000000 2675.155029 0.000000 0.316545 0.000000 -0.948578 1.000000 1.000000 1.000000
6774.372070 0.000000 2662.477539 0.000000 0.666939 0.000000 -0.745112 1.000000 1.000000 1.000000
6771.018555 0.000000 2657.042969 0.000000 0.637207 0.000000 -0.770692 1.000000 1.000000 1.000000
6759.295410 0.000000 2675.759277 0.000000 0.943515 0.000000 -0.331329 1.000000 1.000000 1.000000
6719.277344 0.000000 2674.021240 0.000000 0.571058 0.000000 -0.820910 1.000000 1.000000 1.000000
6753.837891 0.000000 2665.547607 0.000000 0.265440 0.000000 -0.964127 1.000000 1.000000 1.000000
6768.594727 0.000000 2651.643555 0.000000 0.807830 0.000000 -0.589416 1.000000 1.000000 1.000000
6762.284668 0.000000 2663.612793 0.000000 0.955515 0.000000 -0.294943 1.000000 1.000000 1.000000
6761.476074 0.000000 2670.791016 0.000000 0.805459 0.000000 -0.592651 1.000000 1.000000 1.000000
6753.438965 0.000000 2657.034668 0.000000 0.956273 0.000000 -0.292475 1.000000 1.000000 1.000000
6762.900879 0.000000 2667.645752 0.000000 0.993211 0.000000 -0.116331 1.000000 1.000000 1.000000
6748.491211 0.000000 2669.228271 0.000000 0.598254 0.000000 -0.801307 1.000000 1.000000 1.000000
6754.933105 0.000000 2680.711670 0.000000 0.998835 0.000000 -0.048260 1.000000 1.000000 1.000000
6780.812500 0.000000 2664.785400 0.000000 0.994410 0.000000 -0.105589 1.000000 1.000000 1.000000
6772.695312 0.000000 2656.630371 0.000000 0.747505 0.000000 -0.664256 1.000000 1.000000 1.000000
6756.704590 0.000000 2647.573975 0.000000 0.909266 0.000000 -0.416216 1.000000 1.000000 1.000000
6725.118652 0.000000 2649.568359 0.000000 0.485272 0.000000 -0.874363 1.000000 1.000000 1.000000
6759.435059 0.000000 2666.747070 0.000000 0.859262 0.000000 -0.511536 1.000000 1.000000 1.000000
6723.312012 0.000000 2683.631348 0.000000 0.521876 0.000000 -0.853022 1.000000 1.000000 1.000000
6748.421387 0.000000 2658.172607 0.000000 0.856734 0.000000 -0.515759 1.000000 1.000000 1.000000
6775.596191 0.000000 2661.654297 0.000000 0.422947 0.000000 -0.906154 1.000000 1.000000 1.000000
6771.445312 0.000000 2667.728027 0.000000 0.976257 0.000000 -0.216617 1.000000 1.000000 1.000000
6763.855469 0.000000 2661.120850 0.000000 0.715543 0.000000 -0.698569 1.000000 1.000000 1.000000
6743.529297 0.000000 2684.561523 0.000000 0.971918 0.000000 -0.235318 1.000000 1.000000 1.000000
6727.310547 0.000000 2671.862305 0.000000 0.983495 0.000000 -0.180938 1.000000 1.000000 1.000000
6733.499512 0.000000 2665.924805 0.000000 0.538160 0.000000 -0.842843 1.000000 1.000000 1.000000
6730.039551 0.000000 2677.400146 0.000000 0.995947 0.000000 -0.089943 1.000000 1.000000 1.000000
6733.172363 0.000000 2673.579102 0.000000 0.999691 0.000000 -0.024841 1.000000 1.000000 1.000000
6732.128906 0.000000 2667.221680 0.000000 0.048000 0.000000 -0.998847 1.000000 1.000000 1.000000
6744.588379 0.000000 2692.246826 0.000000 0.185387 0.000000 -0.982666 1.000000 1.000000 1.000000
6763.479492 0.000000 2662.312012 0.000000 0.932582 0.000000 -0.360959 1.000000 1.000000 1.000000
6730.462891 0.000000 2679.916992 0.000000 0.756326 0.000000 -0.654194 1.000000 1.000000 1.000000
6759.896973 0.000000 2674.595215 0.000000 0.248148 0.000000 -0.968722 1.000000 1.000000 1.000000
6742.750000 0.000000 2685.713135 0.000000 0.714961 0.000000 -0.699165 1.000000 1.000000 1.000000
6758.058594 0.000000 2673.402344 0.000000 0.365894 0.000000 -0.930657 1.000000 1.000000 1.000000
6760.401855 0.000000 2670.893555 0.000000 0.377055 0.000000 -0.926191 1.000000 1.000000 1.000000
6730.739746 0.000000 2646.055420 0.000000 0.663302 0.000000 -0.748352 1.000000 1.000000 1.000000
6731.036621 0.000000 2677.895996 0.000000 0.992259 0.000000 -0.124187 1.000000 1.000000 1.000000
6723.151855 0.000000 2678.828369 0.000000 0.562036 0.000000 -0.827113 1.000000 1.000000 1.000000
6732.863770 0.000000 2665.282715 0.000000 0.633003 0.000000 -0.774150 1.000000 1.000000 1.000000
6666.433594 0.000000 2725.955811 0.000000 0.868413 0.000000 -0.495842 1.000000 1.000000 1.000000
6656.358887 0.000000 2719.621826 0.000000 0.635401 0.000000 -0.772183 1.000000 1.000000 1.000000
6669.983887 0.000000 2702.091064 0.000000 0.887276 0.000000 -0.461239 1.000000 1.000000 1.000000
6672.058594 0.000000 2718.257568 0.000000 0.973803 0.000000 -0.227394 1.000000 1.000000 1.000000
6699.895020 0.000000 2730.683594 0.000000 0.964792 0.000000 -0.263013 1.000000 1.000000 1.000000
6688.278809 0.000000 2730.097656 0.000000 0.243194 0.000000 -0.969978 1.000000 1.000000 1.000000
6701.032227 0.000000 2696.470947 0.000000 0.245991 0.000000 -0.969272 1.000000 1.000000 1.000000
6666.060547 0.000000 2705.824707 0.000000 0.427338 0.000000 -0.904092 1.000000 1.000000 1.000000
6691.330566 0.000000 2732.265625 0.000000 0.047173 0.000000 -0.998887 1.000000 1.000000 1.000000
6659.405762 0.000000 2719.367920 0.000000 0.909669 0.000000 -0.415334 1.000000 1.000000 1.000000
6666.491211 0.000000 2719.283936 0.000000 0.715341 0.000000 -0.698776 1.000000 1.000000 1.000000
6672.547363 0.000000 2712.125000 0.000000 0.886865 0.000000 -0.462029 1.000000 1.000000 1.000000
6706.554688 0.000000 2725.953369 0.000000 0.999969 0.000000 -0.007917 1.000000 1.000000 1.000000
6703.012695 0.000000 2728.584473 0.000000 0.187785 0.000000 -0.982210 1.000000 1.000000 1.000000
6687.219238 0.000000 2733.871338 0.000000 0.661738 0.000000 -0.749736 1.000000 1.000000 1.000000
6698.151367 0.000000 2730.438721 0.000000 0.890764 0.000000 -0.454466 1.000000 1.000000 1.000000
6671.072754 0.000000 2705.388184 0.000000 0.985326 0.000000 -0.170685 1.000000 1.000000 1.000000
6696.649902 0.000000 2700.645020 0.000000 0.462810 0.000000 -0.886458 1.000000 1.000000 1.000000
6690.899902 0.000000 2726.028564 0.000000 0.559601 0.000000 -0.828762 1.000000 1.000000 1.000000
6669.799316 0.000000 2695.370117 0.000000 0.757336 0.000000 -0.653026 1.000000 1.000000 1.000000
6696.164551 0.000000 2730.737305 0.000000 0.662094 0.000000 -0.749421 1.000000 1.000000 1.000000
6665.725586 0.000000 2695.899170 0.000000 0.154594 0.000000 -0.987978 1.000000 1.000000 1.000000
6672.560059 0.000000 2713.585693 0.000000 0.607436 0.000000 -0.794368 1.000000 1.000000 1.000000
6703.792969 0.000000 2729.749512 0.000000 0.616090 0.000000 -0.787676 1.000000 1.000000 1.000000
6667.382812 0.000000 2697.812500 0.000000 0.242617 0.000000 -0.970122 1.000000 1.000000 1.000000
6683.718750 0.000000 2702.145020 0.000000 0.507705 0.000000 -0.861531 1.000000 1.000000 1.000000
6682.219238 0.000000 2703.944580 0.000000 0.997536 0.000000 -0.070159 1.000000 1.000000 1.000000
6688.548828 0.000000 2737.065674 0.000000 0.537130 0.000000 -0.843500 1.000000 1.000000 1.000000
6669.092773 0.000000 2723.238037 0.000000 0.958996 0.000000 -0.283419 1.000000 1.000000 1.000000
6688.379883 0.000000 2733.818604 0.000000 1.000000 0.000000 -0.000556 1.000000 1.000000 1.000000
6661.224609 0.000000 2733.853027 0.000000 0.188181 0.000000 -0.982134 1.000000 1.000000 1.000000
6735.779785 0.000000 2709.930176 0.000000 0.997433 0.000000 -0.071606 1.000000 1.000000 1.000000
6747.447754 0.000000 2692.924805 0.000000 0.999354 0.000000 -0.035947 1.000000 1.000000 1.000000
6748.855957 0.000000 2702.644287 0.000000 0.729841 0.000000 -0.683617 1.000000 1.000000 1.000000
6723.403809 0.000000 2721.538330 0.000000 0.450769 0.000000 -0.892640 1.000000 1.000000 1.000000
6728.972656 0.000000 2738.544434 0.000000 0.400058 0.000000 -0.916490 1.000000 1.000000 1.000000
6755.143066 0.000000 2695.411377 0.000000 0.304009 0.000000 -0.952669 1.000000 1.000000 1.000000
6746.751953 0.000000 2728.525146 0.000000 0.720989 0.000000 -0.692946 1.000000 1.000000 1.000000
6735.360840 0.000000 2721.177734 0.000000 0.958588 0.000000 -0.284795 1.000000 1.000000 1.000000
6734.454102 0.000000 2712.195068 0.000000 0.952582 0.000000 -0.304282 1.000000 1.000000 1.000000
6745.037109 0.000000 2692.906738 0.000000 0.320338 0.000000 -0.947303 1.000000 1.000000 1.000000
6721.134277 0.000000 2721.635742 0.000000 0.382030 0.000000 -0.924150 1.000000 1.000000 1.000000
6753.544434 0.000000 2696.819092 0.000000 0.930918 0.000000 -0.365229 1.000000 1.000000 1.000000
6748.681641 0.000000 2727.822510 0.000000 0.272889 0.000000 -0.962045 1.000000 1.000000 1.000000
6749.565430 0.000000 2700.822510 0.000000 0.658628 0.000000 -0.752468 1.000000 1.000000 1.000000
6736.834473 0.000000 2719.969727 0.000000 0.514777 0.000000 -0.857324 1.000000 1.000000 1.000000
6756.786621 0.000000 2696.506348 0.000000 0.746240 0.000000 -0.665677 1.000000 1.000000 1.000000
6743.354492 0.000000 2703.071289 0.000000 0.726205 0.000000 -0.687478 1.000000 1.000000 1.000000
6748.065430 0.000000 2735.447266 0.000000 0.571507 0.000000 -0.820597 1.000000 1.000000 1.000000
6750.210938 0.000000 2695.668213 0.000000 0.995403 0.000000 -0.095772 1.000000 1.000000 1.000000
6778.630859 0.000000 2710.328125 0.000000 0.066550 0.000000 -0.997783 1.000000 1.000000 1.000000
6747.823242 0.000000 2723.614258 0.000000 0.471730 0.000000 -0.881743 1.000000 1.000000 1.000000
6731.712891 0.000000 2738.499023 0.000000 0.713688 0.000000 -0.700464 1.000000 1.000000 1.000000
6753.599609 0.000000 2694.667725 0.000000 0.799148 0.000000 -0.601134 1.000000 1.000000 1.000000
6727.288086 0.000000 2720.717041 0.000000 0.733295 0.000000 -0.679910 1.000000 1.000000 1.000000
6747.599609 0.000000 2729.789307 0.000000 0.995937 0.000000 -0.090052 1.000000 1.000000 1.000000
6733.057617 0.000000 2711.643799 0.000000 0.154167 0.000000 -0.988045 1.000000 1.000000 1.000000
6742.369629 0.000000 2712.701172 0.000000 0.526949 0.000000 -0.849897 1.000000 1.000000 1.000000
6726.935547 0.000000 2725.261475 0.000000 0.212753 0.000000 -0.977106 1.000000 1.000000 1.000000
6778.239746 0.000000 2713.222900 0.000000 0.958663 0.000000 -0.284546 1.000000 1.000000 1.000000
6737.019043 0.000000 2709.505127 0.000000 0.992558 0.000000 -0.121772 1.000000 1.000000 1.000000
6760.829590 0.000000 2698.301758 0.000000 0.970283 0.000000 -0.241973 1.000000 1.000000 1.000000
6728.039551 0.000000 2739.377441 0.000000 0.999843 0.000000 -0.017742 1.000000 1.000000 1.000000
6729.343262 0.000000 2739.611572 0.000000 0.544285 0.000000 -0.838900 1.000000 1.000000 1.000000
6747.427246 0.000000 2722.557129 0.000000 0.736898 0.000000 -0.676004 1.000000 1.000000 1.000000
6747.553223 0.000000 2726.150879 0.000000 0.953328 0.000000 -0.301937 1.000000 1.000000 1.000000
6727.760742 0.000000 2724.665527 0.000000 0.006829 0.000000 -0.999977 1.000000 1.000000 1.000000
6703.551758 0.000000 2744.241211 0.000000 0.436291 0.000000 -0.899805 1.000000 1.000000 1.000000
6678.851074 0.000000 2755.286621 0.000000 0.982695 0.000000 -0.185231 1.000000 1.000000 1.000000
6677.445801 0.000000 2769.765381 0.000000 0.419631 0.000000 -0.907695 1.000000 1.000000 1.000000
6702.177734 0.000000 2763.784424 0.000000 0.992778 0.000000 -0.119965 1.000000 1.000000 1.000000
6678.952148 0.000000 2747.833984 0.000000 0.590611 0.000000 -0.806956 1.000000 1.000000 1.000000
6704.144043 0.000000 2765.393799 0.000000 0.036470 0.000000 -0.999335 1.000000 1.000000 1.000000
6679.823242 0.000000 2763.593262 0.000000 0.174635 0.000000 -0.984633 1.000000 1.000000 1.000000
6705.607422 0.000000 2747.885010 0.000000 0.993792 0.000000 -0.111255 1.000000 1.000000 1.000000
6678.143066 0.000000 2740.067139 0.000000 0.996308 0.000000 -0.085854 1.000000 1.000000 1.000000
6672.982422 0.000000 2763.622803 0.000000 0.921606 0.000000 -0.388126 1.000000 1.000000 1.000000
6701.040039 0.000000 2752.176758 0.000000 0.999353 0.000000 -0.035980 1.000000 1.000000 1.000000
6704.602539 0.000000 2746.127930 0.000000 0.519026 0.000000 -0.854758 1.000000 1.000000 1.000000
6673.827148 0.000000 2765.220703 0.000000 0.999736 0.000000 -0.022998 1.000000 1.000000 1.000000
6688.127441 0.000000 2745.982422 0.000000 0.640561 0.000000 -0.767907 1.000000 1.000000 1.000000
6679.583984 0.000000 2740.332031 0.000000 0.746414 0.000000 -0.665482 1.000000 1.000000 1.000000
6676.296387 0.000000 2771.402832 0.000000 0.378972 0.000000 -0.925408 1.000000 1.000000 1.000000
6678.507812 0.000000 2764.216064 0.000000 0.085711 0.000000 -0.996320 1.000000 1.000000 1.000000
6678.341309 0.000000 2741.377441 0.000000 0.374440 0.000000 -0.927251 1.000000 1.000000 1.000000
6702.957520 0.000000 2747.559326 0.000000 0.972664 0.000000 -0.232216 1.000000 1.000000 1.000000
6672.786133 0.000000 2764.730713 0.000000 0.442470 0.000000 -0.896783 1.000000 1.000000 1.000000
6780.413574 0.000000 2757.644775 0.000000 0.157192 0.000000 -0.987568 1.000000 1.000000 1.000000
6736.716797 0.000000 2751.834717 0.000000 0.054816 0.000000 -0.998496 1.000000 1.000000 1.000000
6732.025879 0.000000 2760.047119 0.000000 0.706183 0.000000 -0.708029 1.000000 1.000000 1.000000
6748.373535 0.000000 2743.140869 0.000000 0.218986 0.000000 -0.975728 1.000000 1.000000 1.000000
6735.694824 0.000000 2750.249268 0.000000 0.463432 0.000000 -0.886133 1.000000 1.000000 1.000000
6772.597656 0.000000 2747.933838 0.000000 0.953484 0.000000 -0.301443 1.000000 1.000000 1.000000
6741.137207 0.000000 2751.069580 0.000000 0.987779 0.000000 -0.155860 1.000000 1.000000 1.000000
6748.895020 0.000000 2740.049805 0.000000 0.218318 0.000000 -0.975878 1.000000 1.000000 1.000000
6769.670898 0.000000 2751.755371 0.000000 0.899916 0.000000 -0.436064 1.000000 1.000000 1.000000
6735.769043 0.000000 2740.609131 0.000000 0.693805 0.000000 -0.720163 1.000000 1.000000 1.000000
6782.628906 0.000000 2759.604736 0.000000 0.931695 0.000000 -0.363242 1.000000 1.000000 1.000000
6749.700195 0.000000 2741.867432 0.000000 0.894755 0.000000 -0.446557 1.000000 1.000000 1.000000
3762.090576 0.000000 3948.343018 0.000000 0.095123 0.000000 -0.995466 1.000000 1.000000 1.000000
3756.682129 0.000000 3953.284180 0.000000 0.248926 0.000000 -0.968522 1.000000 1.000000 1.000000
3135.145020 0.000000 4476.017578 0.000000 0.881359 0.000000 -0.472448 1.000000 1.000000 1.000000
3127.919922 0.000000 4472.231445 0.000000 0.752088 0.000000 -0.659063 1.000000 1.000000 1.000000
3128.099609 0.000000 4468.163574 0.000000 0.076514 0.000000 -0.997069 1.000000 1.000000 1.000000
3131.143555 0.000000 4479.145996 0.000000 0.172325 0.000000 -0.985040 1.000000 1.000000 1.000000
3142.437744 0.000000 4484.527832 0.000000 0.538616 0.000000 -0.842551 1.000000 1.000000 1.000000
3140.594727 0.000000 4484.482910 0.000000 0.406702 0.000000 -0.913561 1.000000 1.000000 1.000000
3142.056641 0.000000 4472.226562 0.000000 0.712945 0.000000 -0.701220 1.000000 1.000000 1.000000
3126.534668 0.000000 4499.961914 0.000000 0.172535 0.000000 -0.985003 1.000000 1.000000 1.000000
3100.862061 0.000000 4520.835938 0.000000 0.948540 0.000000 -0.316657 1.000000 1.000000 1.000000
3132.107178 0.000000 4495.900391 0.000000 0.750430 0.000000 -0.660949 1.000000 1.000000 1.000000
3096.922852 0.000000 4521.676270 0.000000 0.998756 0.000000 -0.049872 1.000000 1.000000 1.000000
3088.779053 0.000000 4522.446777 0.000000 0.601354 0.000000 -0.798983 1.000000 1.000000 1.000000
3091.334717 0.000000 4528.707520 0.000000 0.762842 0.000000 -0.646585 1.000000 1.000000 1.000000
3103.149414 0.000000 4522.745605 0.000000 0.135156 0.000000 -0.990824 1.000000 1.000000 1.000000
3091.498291 0.000000 4523.534668 0.000000 0.086135 0.000000 -0.996283 1.000000 1.000000 1.000000
3117.401611 0.000000 4495.850586 0.000000 0.537511 0.000000 -0.843257 1.000000 1.000000 1.000000
3134.522705 0.000000 4494.707520 0.000000 0.280529 0.000000 -0.959846 1.000000 1.000000 1.000000
3122.409180 0.000000 4503.897949 0.000000 0.831594 0.000000 -0.555385 1.000000 1.000000 1.000000
3124.342773 0.000000 4501.332520 0.000000 0.557760 0.000000 -0.830002 1.000000 1.000000 1.000000
3119.651367 0.000000 4489.683105 0.000000 0.378092 0.000000 -0.925768 1.000000 1.000000 1.000000
3087.925537 0.000000 4524.307617 0.000000 0.935283 0.000000 -0.353902 1.000000 1.000000 1.000000
3123.017090 0.000000 4502.375977 0.000000 0.994712 0.000000 -0.102702 1.000000 1.000000 1.000000
3135.022217 0.000000 4493.212891 0.000000 0.512862 0.000000 -0.858471 1.000000 1.000000 1.000000
3123.684814 0.000000 4503.583008 0.000000 0.772985 0.000000 -0.634424 1.000000 1.000000 1.000000
3083.065430 0.000000 4545.951660 0.000000 0.172534 0.000000 -0.985004 1.000000 1.000000 1.000000
3090.835693 0.000000 4563.453125 0.000000 0.898660 0.000000 -0.438646 1.000000 1.000000 1.000000
3080.083740 0.000000 4543.788086 0.000000 0.401050 0.000000 -0.916056 1.000000 1.000000 1.000000
3088.495605 0.000000 4560.703125 0.000000 0.459489 0.000000 -0.888183 1.000000 1.000000 1.000000
3087.967529 0.000000 4549.493164 0.000000 0.843827 0.000000 -0.536616 1.000000 1.000000 1.000000
3096.260254 0.000000 4558.796875 0.000000 0.591774 0.000000 -0.806104 1.000000 1.000000 1.000000
3082.497559 0.000000 4548.270020 0.000000 0.669792 0.000000 -0.742549 1.000000 1.000000 1.000000
3093.495361 0.000000 4562.783203 0.000000 0.725904 0.000000 -0.687796 1.000000 1.000000 1.000000
3103.958008 0.000000 4568.011719 0.000000 0.992189 0.000000 -0.124745 1.000000 1.000000 1.000000
3090.264648 0.000000 4560.423828 0.000000 0.947469 0.000000 -0.319846 1.000000 1.000000 1.000000
3084.061035 0.000000 4547.448242 0.000000 0.233941 0.000000 -0.972251 1.000000 1.000000 1.000000
3099.741455 0.000000 4562.893555 0.000000 0.999802 0.000000 -0.019875 1.000000 1.000000 1.000000
3090.701172 0.000000 4561.927734 0.000000 0.330462 0.000000 -0.943819 1.000000 1.000000 1.000000
3095.117432 0.000000 4557.906738 0.000000 0.763822 0.000000 -0.645427 1.000000 1.000000 1.000000
3094.945068 0.000000 4559.419434 0.000000 0.971397 0.000000 -0.237463 1.000000 1.000000 1.000000
3093.629395 0.000000 4561.462891 0.000000 0.999966 0.000000 -0.008217 1.000000 1.000000 1.000000
3092.612305 0.000000 4559.102539 0.000000 0.972206 0.000000 -0.234129 1.000000 1.000000 1.000000
3080.010254 0.000000 4545.081543 0.000000 0.474650 0.000000 -0.880175 1.000000 1.000000 1.000000
3096.057861 0.000000 4560.187988 0.000000 0.672115 0.000000 -0.740447 1.000000 1.000000 1.000000
3085.044189 0.000000 4546.738770 0.000000 0.908081 0.000000 -0.418796 1.000000 1.000000 1.000000
3095.932617 0.000000 4561.250977 0.000000 0.104453 0.000000 -0.994530 1.000000 1.000000 1.000000
"}
