object={
	name="horse_a_galloping"
	render_pass=Map
	clamp_to_water_level=no
	generated_content=no
	layer="animal_layer"
	entity="unit_horse_01_a_galloping_entity"
	count=4
	transform="6754.310547 0.000000 2954.936768 0.000000 0.000000 0.000000 1.000000 0.320766 0.320766 0.320766
6573.785645 0.000000 2816.791748 0.000000 0.000000 0.000000 1.000000 0.274902 0.274902 0.274902
6166.617188 0.000000 3633.439453 0.000000 0.000000 0.000000 1.000000 0.325439 0.325439 0.325439
6249.184082 0.000000 3545.094238 0.000000 0.000000 0.000000 1.000000 0.315625 0.315625 0.315625
"}
object={
	name="horse_a_grazing"
	render_pass=Map
	clamp_to_water_level=no
	generated_content=no
	layer="animal_layer"
	entity="unit_horse_01_a_eating_grass_entity"
	count=15
	transform="6754.871094 0.000000 2883.416992 0.000000 0.342530 0.000000 0.939507 0.313242 0.313242 0.313242
6704.855469 0.000000 2825.645752 0.000000 -0.494459 0.000000 0.869201 0.313242 0.313242 0.313242
6280.889648 0.000000 2972.958252 0.000000 -0.411810 0.000000 0.911270 0.313242 0.313242 0.313242
6504.470703 0.000000 3007.922607 0.000000 -0.494459 0.000000 0.869201 0.313242 0.313242 0.313242
6465.871582 0.000000 2938.859863 0.000000 0.487013 0.000000 0.873394 0.357861 0.357861 0.357861
6724.300293 0.000000 2946.810791 0.000000 -0.585741 0.000000 0.810499 0.271484 0.271484 0.271484
6084.888184 0.000000 3505.178711 0.000000 0.371379 0.000000 0.928481 0.419097 0.419097 0.419097
6084.024414 0.000000 3794.870850 0.000000 -0.327060 0.000000 0.945004 0.419097 0.419097 0.419097
6822.817383 0.000000 2884.050537 0.000000 -0.409694 0.000000 0.912223 0.419097 0.419097 0.419097
6413.486328 0.000000 2796.562256 0.000000 0.175358 0.000000 0.984505 0.387231 0.387231 0.387231
6481.964355 0.000000 2779.305420 0.000000 0.508242 0.000000 0.861214 0.387231 0.387231 0.387231
6250.630859 0.000000 2982.545654 0.000000 -0.631915 0.000000 0.775038 0.340985 0.340985 0.340985
6262.736816 0.000000 2960.264404 0.000000 0.375116 0.000000 0.926978 0.340985 0.340985 0.340985
6375.584961 0.000000 2872.946533 0.000000 0.198921 0.000000 0.980016 0.340985 0.340985 0.340985
6238.256836 0.000000 3709.308838 0.000000 0.400990 0.000000 0.916082 0.349292 0.349292 0.349292
"}
object={
	name="horse_b_galloping"
	render_pass=Map
	clamp_to_water_level=no
	generated_content=no
	layer="animal_layer"
	entity="unit_horse_01_b_galloping_entity"
	count=3
	transform="5957.353027 0.000000 3098.304199 0.000000 0.000000 0.000000 1.000000 0.356299 0.356299 0.356299
6459.629395 0.000000 2789.618896 0.000000 0.000000 0.000000 1.000000 0.356299 0.356299 0.356299
6438.929688 0.000000 3072.014648 0.000000 0.000000 0.000000 1.000000 0.286475 0.286475 0.286475
"}
object={
	name="horse_b_grazing"
	render_pass=Map
	clamp_to_water_level=no
	generated_content=no
	layer="animal_layer"
	entity="unit_horse_01_b_eating_grass_entity"
	count=14
	transform="5969.665039 0.000000 3001.995850 0.000000 -0.408971 0.000000 0.912548 0.538818 0.538818 0.538818
6065.134277 0.000000 3002.739990 0.000000 0.000000 0.000000 1.000000 0.538818 0.538818 0.538818
6775.138672 0.000000 2912.359619 0.000000 0.475725 0.000000 0.879594 0.254004 0.254004 0.254004
6726.074219 0.000000 2947.432861 0.000000 0.213016 0.000000 0.977049 0.254004 0.254004 0.254004
5874.047852 0.000000 4318.045898 0.000000 0.668718 0.000000 0.743517 0.417944 0.417944 0.417944
5851.370605 0.000000 4250.232422 0.000000 0.668718 0.000000 0.743517 0.417944 0.417944 0.417944
6412.199219 0.000000 2797.068115 0.000000 -0.114919 0.000000 0.993375 0.417944 0.417944 0.417944
6539.616211 0.000000 2790.017822 0.000000 -0.508873 0.000000 0.860842 0.423022 0.423022 0.423022
5857.714355 0.000000 3235.513672 0.000000 -0.733437 0.000000 0.679758 0.329517 0.329517 0.329517
5902.240723 0.000000 3099.044678 0.000000 -0.639078 0.000000 0.769142 0.329517 0.329517 0.329517
6103.165039 0.000000 3143.835693 0.000000 0.390172 0.000000 0.920742 0.329517 0.329517 0.329517
6148.792969 0.000000 3024.530518 0.000000 -0.535315 0.000000 0.844653 0.329517 0.329517 0.329517
6372.541992 0.000000 2870.854004 0.000000 -0.312603 0.000000 0.949884 0.329517 0.329517 0.329517
6078.652344 0.000000 3504.348877 0.000000 -0.382684 0.000000 0.923879 0.398389 0.398389 0.398389
"}
object={
	name="horse_c_galloping"
	render_pass=Map
	clamp_to_water_level=no
	generated_content=no
	layer="animal_layer"
	entity="unit_horse_01_c_galloping_entity"
	count=7
	transform="6245.648438 0.000000 3655.285645 0.000000 0.000000 0.000000 1.000000 0.334536 0.334536 0.334536
6760.322754 0.000000 2836.274902 0.000000 0.000000 0.000000 1.000000 0.334536 0.334536 0.334536
6761.365234 0.000000 2837.366455 0.000000 0.000000 0.000000 1.000000 0.334536 0.334536 0.334536
6315.179199 0.000000 3092.175537 0.000000 0.000000 0.000000 1.000000 0.334536 0.334536 0.334536
5840.571289 0.000000 3892.377930 0.000000 0.000000 0.000000 1.000000 0.334536 0.334536 0.334536
6542.485352 0.000000 2956.518066 0.000000 0.000000 0.000000 1.000000 0.334536 0.334536 0.334536
6537.071777 0.000000 3164.374268 0.000000 0.000000 0.000000 1.000000 0.302002 0.302002 0.302002
"}
object={
	name="horse_c_grazing"
	render_pass=Map
	clamp_to_water_level=no
	generated_content=no
	layer="animal_layer"
	entity="unit_horse_01_c_eating_grass_entity"
	count=17
	transform="6152.211914 0.000000 2937.232178 0.000000 -0.703994 0.000000 0.710206 0.266556 0.266556 0.266556
6153.629395 0.000000 2938.626709 0.000000 0.000000 0.000000 1.000000 0.287305 0.287305 0.287305
6791.856445 0.000000 2846.322754 0.000000 -0.340179 0.000000 0.940361 0.372029 0.372029 0.372029
6083.387695 0.000000 3793.949707 0.000000 -0.523405 0.000000 0.852084 0.344116 0.344116 0.344116
6822.366699 0.000000 2883.031982 0.000000 -0.597011 0.000000 0.802233 0.344116 0.344116 0.344116
6572.827637 0.000000 2832.990234 0.000000 0.147772 0.000000 0.989021 0.317390 0.317390 0.317390
6357.009766 0.000000 2909.432861 0.000000 0.159352 0.000000 0.987222 0.379877 0.379877 0.379877
6519.489746 0.000000 3038.307617 0.000000 -0.554150 0.000000 0.832417 0.455762 0.455762 0.455762
6257.087402 0.000000 2894.467041 0.000000 0.518873 0.000000 0.854851 0.455762 0.455762 0.455762
6488.571289 0.000000 2885.789795 0.000000 0.595787 0.000000 0.803143 0.455762 0.455762 0.455762
5922.609375 0.000000 3113.760986 0.000000 -0.629878 0.000000 0.776694 0.455762 0.455762 0.455762
6046.901367 0.000000 3114.253906 0.000000 0.094585 0.000000 0.995517 0.455762 0.455762 0.455762
6118.000488 0.000000 3048.701904 0.000000 0.094585 0.000000 0.995517 0.455762 0.455762 0.455762
6353.818848 0.000000 3079.591553 0.000000 0.094585 0.000000 0.995517 0.455762 0.455762 0.455762
6456.998535 0.000000 2959.037354 0.000000 -0.248468 0.000000 0.968640 0.455762 0.455762 0.455762
6195.528320 0.000000 3650.063477 0.000000 0.301159 0.000000 0.953574 0.343869 0.343869 0.343869
6144.447266 0.000000 3626.574951 0.000000 -0.384770 0.000000 0.923013 0.256836 0.256836 0.256836
"}
object={
	name="horse_d_galloping"
	render_pass=Map
	clamp_to_water_level=no
	generated_content=no
	layer="animal_layer"
	entity="unit_horse_01_d_galloping_entity"
	count=4
	transform="6192.245117 0.000000 2921.824951 0.000000 0.000000 0.000000 1.000000 0.519702 0.519702 0.519702
5824.143066 0.000000 4269.769531 0.000000 0.000000 0.000000 1.000000 0.395713 0.395713 0.395713
6078.967285 0.000000 3060.031250 0.000000 0.000000 0.000000 1.000000 0.395713 0.395713 0.395713
6408.393555 0.000000 2897.430908 0.000000 0.000000 0.000000 1.000000 0.395713 0.395713 0.395713
"}
object={
	name="horse_d_grazing"
	render_pass=Map
	clamp_to_water_level=no
	generated_content=no
	layer="animal_layer"
	entity="unit_horse_01_d_eating_grass_entity"
	count=13
	transform="6063.722168 0.000000 3003.504395 0.000000 0.245925 0.000000 0.969289 0.539241 0.539241 0.539241
6152.912598 0.000000 2938.110352 0.000000 -0.493769 0.000000 0.869593 0.539241 0.539241 0.539241
6705.531738 0.000000 2825.616699 0.000000 -0.440245 0.000000 0.897878 0.179775 0.179775 0.179775
6706.829102 0.000000 2902.923096 0.000000 -0.800337 0.000000 0.599551 0.429614 0.429614 0.429614
6705.776367 0.000000 2826.358154 0.000000 -0.291658 0.000000 0.956523 0.429614 0.429614 0.429614
6845.531738 0.000000 2820.094238 0.000000 0.364170 0.000000 0.931332 0.405813 0.405813 0.405813
6524.979004 0.000000 2846.639893 0.000000 0.252959 0.000000 0.967477 0.346024 0.346024 0.346024
6520.702148 0.000000 2842.784912 0.000000 -0.123342 0.000000 0.992364 0.365042 0.365042 0.365042
6519.628906 0.000000 2841.618652 0.000000 -0.509818 0.000000 0.860282 0.365042 0.365042 0.365042
6332.376465 0.000000 2992.467041 0.000000 0.458836 0.000000 0.888521 0.431177 0.431177 0.431177
6335.350586 0.000000 3668.479736 0.000000 0.448610 0.000000 0.893727 0.364386 0.364386 0.364386
6183.159180 0.000000 3522.608154 0.000000 0.448610 0.000000 0.893727 0.364386 0.364386 0.364386
6228.775879 0.000000 3508.386963 0.000000 -0.165916 0.000000 0.986140 0.364386 0.364386 0.364386
"}
object={
	name="mumakil"
	render_pass=Map
	clamp_to_water_level=no
	generated_content=no
	layer="animal_layer"
	entity="elephant_entity"
	count=72
	transform="5431.132812 0.000000 980.699951 0.000000 0.887086 0.000000 -0.461603 0.259609 0.259609 0.259609
5382.434570 0.000000 1080.796265 0.000000 0.507032 0.000000 0.861927 0.359139 0.359139 0.359139
5367.650391 0.000000 1094.099609 0.000000 -0.424892 0.000000 0.905244 0.359139 0.359139 0.359139
5505.670898 0.000000 1003.324951 0.000000 0.130244 0.000000 0.991482 0.246688 0.246688 0.246688
5437.617676 0.000000 1007.195312 0.000000 0.130244 0.000000 0.991482 0.183305 0.183305 0.183305
5424.612305 0.000000 1014.352051 0.000000 0.130244 0.000000 0.991482 0.183305 0.183305 0.183305
5317.170410 0.000000 1028.837646 0.000000 0.130244 0.000000 0.991482 0.183305 0.183305 0.183305
4988.059570 0.000000 1039.967896 0.000000 0.600726 0.000000 0.799455 0.265133 0.265133 0.265133
4550.556641 0.000000 1275.978760 0.000000 -0.199819 0.000000 -0.979833 0.198672 0.198672 0.198672
4450.822754 0.000000 1219.441162 0.000000 0.515895 0.000000 -0.856652 0.224164 0.224164 0.224164
4625.437012 0.000000 1406.747803 0.000000 0.584200 0.000000 0.811610 0.154885 0.154885 0.154885
4622.778809 0.000000 1406.546143 0.000000 0.992491 0.000000 0.122316 0.224164 0.224164 0.224164
4510.475586 0.000000 1209.575195 0.000000 0.500758 0.000000 -0.865587 0.224164 0.224164 0.224164
4563.912598 0.000000 1262.170776 0.000000 -0.417365 0.000000 -0.908739 0.224164 0.224164 0.224164
4537.540527 0.000000 1268.029663 0.000000 0.874019 0.000000 -0.485891 0.224164 0.224164 0.224164
4656.976562 0.000000 1238.966919 0.000000 -0.552829 0.000000 -0.833294 0.224164 0.224164 0.224164
4545.111816 0.000000 1278.481567 0.000000 0.540459 0.000000 -0.841370 0.247214 0.247214 0.247214
4662.551758 0.000000 1267.153687 0.000000 0.655683 0.000000 -0.755036 0.247214 0.247214 0.247214
4770.928711 0.000000 1318.403076 0.000000 -0.559474 0.000000 -0.828848 0.247214 0.247214 0.247214
4760.756836 0.000000 1326.458984 0.000000 0.614492 0.000000 -0.788923 0.247214 0.247214 0.247214
4770.193848 0.000000 1340.173584 0.000000 0.295274 0.000000 -0.955413 0.247214 0.247214 0.247214
4945.276367 0.000000 1216.229736 0.000000 0.800410 0.000000 0.599453 0.247214 0.247214 0.247214
4915.262207 0.000000 1130.478271 0.000000 0.906203 0.000000 0.422843 0.247214 0.247214 0.247214
4913.395020 0.000000 1138.511475 0.000000 -0.389834 0.000000 0.920885 0.247214 0.247214 0.247214
4817.277344 0.000000 930.859009 0.000000 -0.389834 0.000000 0.920885 0.247214 0.247214 0.247214
4900.122559 0.000000 920.481079 0.000000 0.655407 0.000000 0.755276 0.247214 0.247214 0.247214
4922.939941 0.000000 972.149719 0.000000 0.655407 0.000000 0.755276 0.247214 0.247214 0.247214
4919.450195 0.000000 977.712830 0.000000 -0.561647 0.000000 0.827377 0.265133 0.265133 0.265133
4997.673828 0.000000 1039.133179 0.000000 0.455253 0.000000 0.890362 0.265133 0.265133 0.265133
5003.982422 0.000000 1045.360962 0.000000 0.181244 0.000000 0.983438 0.265133 0.265133 0.265133
5110.428711 0.000000 1091.958496 0.000000 0.181244 0.000000 0.983438 0.265133 0.265133 0.265133
5161.172363 0.000000 1095.279785 0.000000 0.812819 0.000000 0.582517 0.260828 0.260828 0.260828
5163.854980 0.000000 1100.772705 0.000000 0.244979 0.000000 0.969529 0.296581 0.296581 0.296581
5239.623535 0.000000 1062.799438 0.000000 0.244979 0.000000 0.969529 0.296581 0.296581 0.296581
5198.904785 0.000000 1005.973083 0.000000 -0.125159 0.000000 0.992137 0.296581 0.296581 0.296581
5216.718262 0.000000 968.741394 0.000000 0.789075 0.000000 0.614297 0.296581 0.296581 0.296581
5312.566895 0.000000 1021.105347 0.000000 0.789075 0.000000 0.614297 0.359139 0.359139 0.359139
5313.715820 0.000000 1034.469727 0.000000 0.475564 0.000000 0.879681 0.359139 0.359139 0.359139
5680.850098 0.000000 949.829529 0.000000 0.316079 0.000000 0.948733 0.183352 0.183352 0.183352
5685.173828 0.000000 912.819092 0.000000 0.316079 0.000000 0.948733 0.219856 0.219856 0.219856
5783.164551 0.000000 870.773804 0.000000 0.996983 0.000000 0.077615 0.194197 0.194197 0.194197
5777.948242 0.000000 876.328430 0.000000 -0.562959 0.000000 0.826485 0.238823 0.238823 0.238823
5619.090820 0.000000 854.846985 0.000000 -0.562959 0.000000 0.826485 0.238823 0.238823 0.238823
5678.523926 0.000000 910.048828 0.000000 -0.777196 0.000000 0.629258 0.238823 0.238823 0.238823
5675.630859 0.000000 912.561462 0.000000 -0.777196 0.000000 0.629258 0.219856 0.219856 0.219856
5668.122070 0.000000 932.490051 0.000000 0.308716 0.000000 0.951154 0.326806 0.326806 0.326806
5676.555176 0.000000 948.082947 0.000000 -0.651480 0.000000 0.758666 0.291097 0.291097 0.291097
5576.849609 0.000000 973.376648 0.000000 -0.651480 0.000000 0.758666 0.291097 0.291097 0.291097
5569.751465 0.000000 976.050903 0.000000 -0.815653 0.000000 0.578541 0.291097 0.291097 0.291097
5441.369141 0.000000 1036.749512 0.000000 0.304998 0.000000 0.952353 0.339358 0.339358 0.339358
5254.801758 0.000000 1407.661011 0.000000 -0.461746 0.000000 0.887012 0.258379 0.258379 0.258379
5197.774902 0.000000 1354.684570 0.000000 -0.461746 0.000000 0.887012 0.258379 0.258379 0.258379
5399.667480 0.000000 1179.859863 0.000000 0.482438 0.000000 0.875930 0.258379 0.258379 0.258379
5402.410156 0.000000 1185.407715 0.000000 0.482438 0.000000 0.875930 0.322550 0.322550 0.322550
5295.819336 0.000000 1347.303467 0.000000 0.482438 0.000000 0.875930 0.322550 0.322550 0.322550
5329.064941 0.000000 1279.439209 0.000000 -0.679882 0.000000 0.733321 0.322550 0.322550 0.322550
5916.381348 0.000000 1216.625610 0.000000 -0.434616 0.000000 -0.900616 0.294721 0.294721 0.294721
5808.022949 0.000000 1323.089844 0.000000 -0.434616 0.000000 -0.900616 0.294721 0.294721 0.294721
5726.976074 0.000000 1372.883545 0.000000 0.560311 0.000000 -0.828282 0.294721 0.294721 0.294721
5714.249023 0.000000 1248.973633 0.000000 0.560311 0.000000 -0.828282 0.294721 0.294721 0.294721
5740.503418 0.000000 1203.503662 0.000000 0.834487 0.000000 0.551028 0.317026 0.317026 0.317026
5743.995605 0.000000 1238.394043 0.000000 -0.096086 0.000000 0.995373 0.359139 0.359139 0.359139
5561.427734 0.000000 1378.329102 0.000000 0.473807 0.000000 0.880628 0.359139 0.359139 0.359139
5563.557129 0.000000 1394.556030 0.000000 0.298381 0.000000 0.954447 0.359139 0.359139 0.359139
5397.790039 0.000000 1392.158936 0.000000 0.298381 0.000000 0.954447 0.359139 0.359139 0.359139
5454.153320 0.000000 1316.295776 0.000000 -0.472163 0.000000 0.881511 0.359139 0.359139 0.359139
5318.815430 0.000000 1281.872925 0.000000 -0.750244 0.000000 0.661160 0.359139 0.359139 0.359139
5467.979980 0.000000 1157.446289 0.000000 0.674776 0.000000 0.738022 0.359139 0.359139 0.359139
5481.118652 0.000000 1073.066772 0.000000 0.304998 0.000000 0.952353 0.359139 0.359139 0.359139
5492.045898 0.000000 991.767944 0.000000 0.765544 0.000000 0.643383 0.359139 0.359139 0.359139
5422.882812 0.000000 1017.884949 0.000000 0.765544 0.000000 0.643383 0.327969 0.327969 0.327969
5450.476074 0.000000 986.197937 0.000000 0.765544 0.000000 0.643383 0.286588 0.286588 0.286588
"}
object={
	name="sheep_type_1"
	render_pass=Map
	clamp_to_water_level=no
	generated_content=no
	layer="animal_layer"
	entity="map_mpo_sheep_male_01_entity"
	count=0
}
object={
	name="sheep_type_2"
	render_pass=Map
	clamp_to_water_level=no
	generated_content=no
	layer="animal_layer"
	entity="map_mpo_sheep_male_02_entity"
	count=0
}
object={
	name="sheep_type_3"
	render_pass=Map
	clamp_to_water_level=no
	generated_content=no
	layer="animal_layer"
	entity="map_mpo_sheep_female_01_entity"
	count=0
}
object={
	name="sheep_type_4"
	render_pass=Map
	clamp_to_water_level=no
	generated_content=no
	layer="animal_layer"
	entity="map_mpo_sheep_female_02_entity"
	count=0
}
